208
384
52 20
190 75
52 21
52 22
191 75
52 23
192 76
53 20
53 21
193 76
53 22
53 23
194 76
54 20
195 76
54 21
54 22
196 77
54 23
197 77
55 20
55 21
198 77
55 22
55 23
199 77
56 24
200 78
56 25
56 26
201 78
56 27
202 78
57 24
57 25
203 78
57 26
57 27
204 79
58 24
205 79
58 25
58 26
206 79
58 27
207 79
59 24
59 25
59 26
59 27
60 28
60 29
60 30
60 31
61 28
61 29
61 30
61 31
62 28
62 29
62 30
62 31
63 28
63 29
63 30
63 31
64 32
64 33
64 34
64 35
65 32
65 33
65 34
65 35
66 32
66 33
23 13
118 57
23 14
23 15
119 57
24 0
120 58
24 1
24 2
121 58
24 3
122 58
25 4
25 5
123 58
25 6
25 7
124 59
125 59
26 8
26 9
26 10
126 59
26 11
127 59
27 12
27 13
128 60
27 14
27 15
129 60
130 60
28 0
28 1
28 2
131 60
28 3
132 61
29 4
29 5
133 61
29 6
29 7
134 61
30 8
135 61
30 9
30 10
136 62
30 11
137 62
31 12
31 13
138 62
31 14
31 15
139 62
140 63
32 0
32 1
32 2
141 63
32 3
142 63
33 4
143 63
33 5
33 6
33 7
144 64
145 64
34 8
34 9
34 10
146 64
34 11
147 64
35 12
35 13
148 65
35 14
35 15
149 65
36 0
150 65
36 1
36 2
151 65
36 3
152 66
37 4
153 66
37 5
37 6
66 34
66 35
67 32
67 33
67 34
67 35
68 36
68 37
68 38
68 39
69 36
69 37
69 38
69 39
70 36
70 37
70 38
70 39
71 36
71 37
71 38
71 39
72 40
72 41
72 42
72 43
73 40
73 41
73 42
73 43
74 40
74 41
74 42
74 43
75 40
75 41
75 42
75 43
76 44
76 45
76 46
76 47
77 44
77 45
77 46
77 47
78 44
78 45
78 46
78 47
79 44
79 45
79 46
79 47
80 48
81 48
154 66
155 66
156 67
157 67
158 67
159 67
160 68
161 68
162 68
163 68
164 69
165 69
166 69
167 69
168 70
169 70
170 70
171 70
16 0
172 71
16 1
16 2
173 71
16 3
174 71
17 4
17 5
175 71
17 6
17 7
176 72
18 8
177 72
18 9
18 10
178 72
18 11
179 72
19 12
19 13
180 73
19 14
19 15
181 73
20 0
182 73
20 1
20 2
183 73
20 3
184 74
21 4
21 5
185 74
21 6
21 7
186 74
22 8
187 74
22 9
22 10
188 75
22 11
189 75
23 12
37 7
38 8
38 9
38 10
38 11
39 12
39 13
39 14
39 15
40 0
40 1
40 2
40 3
41 4
41 5
41 6
41 7
42 8
42 9
42 10
42 11
43 12
43 13
43 14
43 15
44 0
44 1
44 2
44 3
45 4
45 5
45 6
45 7
46 8
46 9
46 10
46 11
47 12
47 13
47 14
47 15
48 16
48 17
48 18
48 19
49 16
49 17
49 18
49 19
50 16
50 17
50 18
50 19
51 16
51 17
51 18
51 19
82 48
83 48
84 49
85 49
86 49
87 49
88 50
89 50
90 50
91 50
92 51
93 51
94 51
95 51
96 52
97 52
98 52
99 52
100 53
101 53
102 53
103 53
104 54
105 54
106 54
107 54
108 55
109 55
110 55
111 55
112 56
113 56
114 56
115 56
116 57
117 57
