147
146
0 1
0 2
1 3
1 4
1 5
1 6
1 7
1 8
1 9
1 10
2 11
2 12
2 13
2 14
2 15
2 16
2 17
2 18
19 3
20 3
21 3
22 3
23 3
24 3
25 3
26 3
27 4
28 4
29 4
30 4
31 4
32 4
33 4
34 4
35 5
36 5
37 5
38 5
39 5
40 5
41 5
42 5
43 6
44 6
45 6
46 6
47 6
48 6
49 6
50 6
51 7
52 7
53 7
54 7
55 7
56 7
57 7
58 7
59 8
60 8
61 8
62 8
63 8
64 8
65 8
66 8
67 9
68 9
69 9
70 9
71 9
72 9
73 9
74 9
75 10
76 10
77 10
78 10
79 10
80 10
81 10
82 10
83 11
84 11
85 11
86 11
87 11
88 11
89 11
90 11
91 12
92 12
93 12
94 12
95 12
96 12
97 12
98 12
99 13
100 13
101 13
102 13
103 13
104 13
105 13
106 13
107 14
108 14
109 14
110 14
111 14
112 14
113 14
114 14
115 15
116 15
117 15
118 15
119 15
120 15
121 15
122 15
123 16
124 16
125 16
126 16
127 16
128 16
129 16
130 16
131 17
132 17
133 17
134 17
135 17
136 17
137 17
138 17
139 18
140 18
141 18
142 18
143 18
144 18
145 18
146 18