171
170
0 1
0 2
1 3
1 4
1 5
1 6
2 7
2 8
2 9
2 10
3 11
3 12
3 13
3 14
4 15
4 16
4 17
4 18
5 19
5 20
5 21
5 22
6 23
6 24
6 25
6 26
7 27
7 28
7 29
7 30
8 31
8 32
8 33
8 34
9 35
9 36
9 37
9 38
10 39
10 40
10 41
10 42
43 11
44 11
45 11
46 11
47 12
48 12
49 12
50 12
51 13
52 13
53 13
54 13
55 14
56 14
57 14
58 14
59 15
60 15
61 15
62 15
63 16
64 16
65 16
66 16
67 17
68 17
69 17
70 17
71 18
72 18
73 18
74 18
75 19
76 19
77 19
78 19
79 20
80 20
81 20
82 20
83 21
84 21
85 21
86 21
87 22
88 22
89 22
90 22
91 23
92 23
93 23
94 23
95 24
96 24
97 24
98 24
99 25
100 25
101 25
102 25
103 26
104 26
105 26
106 26
107 27
108 27
109 27
110 27
111 28
112 28
113 28
114 28
115 29
116 29
117 29
118 29
119 30
120 30
121 30
122 30
123 31
124 31
125 31
126 31
127 32
128 32
129 32
130 32
131 33
132 33
133 33
134 33
135 34
136 34
137 34
138 34
139 35
140 35
141 35
142 35
143 36
144 36
145 36
146 36
147 37
148 37
149 37
150 37
151 38
152 38
153 38
154 38
155 39
156 39
157 39
158 39
159 40
160 40
161 40
162 40
163 41
164 41
165 41
166 41
167 42
168 42
169 42
170 42