Script started on Fri 06 Jan 2017 12:40:40 AM MST
navdeep@italic:~/Documents/simulator/src$ perl ac[K[Kcache_script.pl 
Trace: hadoop-bayes; beginning 3 sim with cache size 1
java CacheSim newTopology.txt hadoop-bayes 3 1
27480947,24,8.733323491362943E-7,225102253081,169854,7.545637490304477E-7
39388672,221,5.610750217727574E-6,322639715559,1656499,5.134206733135685E-6
40176068,51,1.2694124273186713E-6,329091841330,390398,1.1862889047088975E-6
6870786,48,6.9861002802299475E-6,56279232850,359105,6.380772832442758E-6
6946004,22,3.1672887029722414E-6,56897098662,154990,2.7240404808815593E-6
6877585,90,1.3085988759135656E-5,56332750084,713810,1.267131462489599E-5
6207276,9,1.4499113620853979E-6,50845271689,61713,1.2137411788744783E-6
6142695,13,2.1163349311662062E-6,50315935807,95835,1.9046649627585251E-6
6316198,6,9.499385548078132E-7,51736919804,39188,7.57447489113378E-7
6634264,19,2.863919795775387E-6,54343047146,130077,2.3936272776631463E-6
6807074,16,2.3504959693401306E-6,55758452762,124283,2.2289535280057168E-6
6230112,32,5.136344258337571E-6,51032249036,225624,4.421204322012863E-6
7441090,23,3.0909450094005043E-6,60952440924,161154,2.6439302111122783E-6
6715848,7,1.0423106657565806E-6,55011062126,51483,9.358663150709732E-7
7208102,26,3.607052175454787E-6,59043425689,200448,3.3949249668510373E-6
7466680,15,2.0089249840625283E-6,61162375043,108366,1.771775538863781E-6
6340143,14,2.208152087421372E-6,51933725858,94482,1.8192802160649476E-6
6684497,29,4.3383967409963685E-6,54753978824,202441,3.697283820244771E-6
6324563,33,5.217751803563345E-6,51805382141,240159,4.635792461608588E-6
Trace: hadoop-bayes; beginning 3 sim with cache size 8
java CacheSim newTopology.txt hadoop-bayes 3 8
27480947,73,2.656385895289562E-6,225102253081,543026,2.4123525756297046E-6
39388672,328,8.32726729146898E-6,322639715559,2501299,7.752607256258866E-6
40176068,63,1.5680977043348294E-6,329091841330,483431,1.4689850652214586E-6
6870786,48,6.9861002802299475E-6,56279232850,359105,6.380772832442758E-6
6946004,25,3.5991917079230015E-6,56897098662,176835,3.107979214379576E-6
6877585,189,2.7480576394184878E-5,56332750084,1482189,2.631131975253914E-5
6207276,19,3.060923986624729E-6,50845271689,136844,2.6913810361171735E-6
6142695,70,1.1395649629356495E-5,50315935807,514452,1.0224434699442258E-5
6316198,82,1.2982493582373446E-5,51736919804,618384,1.19524703508188E-5
6634264,44,6.632235316532474E-6,54343047146,323176,5.94696133125814E-6
6807074,27,3.96646194826147E-6,55758452762,196771,3.528989601628645E-6
6230112,69,1.1075242307040387E-5,51032249036,497903,9.756634469485387E-6
7441090,23,3.0909450094005043E-6,60952440924,161154,2.6439302111122783E-6
6715848,35,5.211553328782903E-6,55011062126,241163,4.383900086270441E-6
7208102,34,4.716914383287029E-6,59043425689,251025,4.251531767858904E-6
7466680,18,2.410709980875034E-6,61162375043,131525,2.1504233592552906E-6
6340143,22,3.4699532802335847E-6,51933725858,156037,3.004540833959127E-6
6684497,39,5.834395617202012E-6,54753978824,275398,5.029734932784216E-6
6324563,16156,0.0025544847920718,51805382141,132304282,0.0025538713649462933
Trace: hadoop-bayes; beginning 3 sim with cache size 16
java CacheSim newTopology.txt hadoop-bayes 3 16
27480947,93,3.3841628529031405E-6,225102253081,693288,3.0798803233236837E-6
39388672,485,1.2313184866958703E-5,322639715559,3729800,1.1560263105048344E-5
40176068,291,7.2431179676418305E-6,329091841330,2307868,7.012838697771797E-6
6870786,48,6.9861002802299475E-6,56279232850,359105,6.380772832442758E-6
6946004,29,4.175062381190681E-6,56897098662,206872,3.6358971698879277E-6
6877585,202,2.937077477050447E-5,56332750084,1568072,2.7835885833050677E-5
6207276,19,3.060923986624729E-6,50845271689,136844,2.6913810361171735E-6
6142695,125,2.03493743381366E-5,50315935807,934901,1.858061437207605E-5
6316198,109,1.7257217079008605E-5,51736919804,811818,1.5691270432710123E-5
6634264,57,8.59175938732616E-6,54343047146,421124,7.749363020969234E-6
6807074,54,7.93292389652294E-6,55758452762,390907,7.0107217943896645E-6
6230112,77,1.235932837162478E-5,51032249036,553286,1.0841889402320716E-5
7441090,45,6.0475011053488135E-6,60952440924,320838,5.263743258453661E-6
6715848,44,6.551667041898506E-6,55011062126,306837,5.577732698510814E-6
7208102,34,4.716914383287029E-6,59043425689,251025,4.251531767858904E-6
7466680,18,2.410709980875034E-6,61162375043,131525,2.1504233592552906E-6
6340143,22,3.4699532802335847E-6,51933725858,156037,3.004540833959127E-6
6684497,84,1.256639056012741E-5,54753978824,594895,1.0864872522090451E-5
6324563,40732,0.006440286862507338,51805382141,333630874,0.006440081323827484
Trace: hadoop-bayes; beginning 3 sim with cache size 32
java CacheSim newTopology.txt hadoop-bayes 3 32
27480947,27571,0.0010032769249181989,225102253081,225725548,0.0010027689412721059
39388672,505,1.2820945067658032E-5,322639715559,3886851,1.2047032068775876E-5
40176068,11179,2.782502259803025E-4,329091841330,91404166,2.7774667895319715E-4
6870786,129,1.8775144503117983E-5,56279232850,975738,1.7337443148889688E-5
6946004,55,7.918221757430603E-6,56897098662,397256,6.9820080345382585E-6
6877585,256,3.722236802598586E-5,56332750084,1930671,3.427262111509024E-5
6207276,29,4.671936611164059E-6,50845271689,214783,4.224247267548119E-6
6142695,135,2.197732428518753E-5,50315935807,1001799,1.9910173266828694E-5
6316198,109,1.7257217079008605E-5,51736919804,811818,1.5691270432710123E-5
6634264,58,8.742492008156444E-6,54343047146,426585,7.849854257416248E-6
6807074,105,1.5425129798794606E-5,55758452762,790237,1.4172505886651059E-5
6230112,84,1.3482903678136123E-5,51032249036,607899,1.19120558369114E-5
7441090,76,1.0213557422366885E-5,60952440924,574790,9.430139159097673E-6
6715848,64,9.529697515488737E-6,55011062126,449777,8.176119177081311E-6
7208102,34,4.716914383287029E-6,59043425689,251025,4.251531767858904E-6
7466680,19,2.5446383131458694E-6,61162375043,132404,2.164794939812488E-6
6340143,27,4.258579025741217E-6,51933725858,190442,3.6670197805702755E-6
6684497,84,1.256639056012741E-5,54753978824,594895,1.0864872522090451E-5
6324563,89884,0.014211891003378415,51805382141,736284058,0.014212501241589867
Trace: hadoop-bayes; beginning 3 sim with cache size 64
java CacheSim newTopology.txt hadoop-bayes 3 64
27480947,289715,0.010542395063750896,225102253081,2373209196,0.010542805163065307
39388672,755,1.916794757639963E-5,322639715559,5843041,1.811011080851112E-5
40176068,396203,0.009861666900802736,329091841330,3245520774,0.009862051763068544
6870786,148,2.1540475864042338E-5,56279232850,1107458,1.9677915705633148E-5
6946004,142,2.0443408901002648E-5,56897098662,1078192,1.8949859050020325E-5
6877585,410,5.9613948791617985E-5,56332750084,3165977,5.62013570308406E-5
6207276,93,1.4982417408215778E-5,50845271689,719244,1.4145740127013682E-5
6142695,206,3.3535768909249114E-5,50315935807,1563721,3.107804664506416E-5
6316198,172,2.7231571904490644E-5,51736919804,1311255,2.534466692194964E-5
6634264,103,1.5525459945519203E-5,54343047146,760936,1.4002453670947854E-5
6807074,105,1.5425129798794606E-5,55758452762,790237,1.4172505886651059E-5
6230112,123,1.9742823242985038E-5,51032249036,879184,1.7228008104831746E-5
7441090,76,1.0213557422366885E-5,60952440924,574790,9.430139159097673E-6
6715848,64,9.529697515488737E-6,55011062126,449777,8.176119177081311E-6
7208102,55,7.630302678846664E-6,59043425689,403448,6.833072358048558E-6
7466680,59850,0.00801561068640949,61162375043,490264068,0.008015778779933275
6340143,53,8.359432902380908E-6,51933725858,385061,7.414468991746415E-6
6684497,195,2.917197808601006E-5,54753978824,1442645,2.6347765605075143E-5
6324563,155294,0.024554107532805035,51805382141,1272106463,0.024555488453645146
Trace: hadoop-bayes; beginning 3 sim with cache size 128
java CacheSim newTopology.txt hadoop-bayes 3 128
27480947,409794,0.014911931528414942,225102253081,3356850257,0.014912557342516172
39388672,1131,2.8713839349546997E-5,322639715559,8772835,2.7190809367037586E-5
40176068,600652,0.014950492417525777,329091841330,4920272850,0.014951062992370416
6870786,148,2.1540475864042338E-5,56279232850,1107458,1.9677915705633148E-5
6946004,142,2.0443408901002648E-5,56897098662,1078192,1.8949859050020325E-5
6877585,410,5.9613948791617985E-5,56332750084,3165977,5.62013570308406E-5
6207276,93,1.4982417408215778E-5,50845271689,719244,1.4145740127013682E-5
6142695,206,3.3535768909249114E-5,50315935807,1563721,3.107804664506416E-5
6316198,172,2.7231571904490644E-5,51736919804,1311255,2.534466692194964E-5
6634264,103,1.5525459945519203E-5,54343047146,760936,1.4002453670947854E-5
6807074,105,1.5425129798794606E-5,55758452762,790237,1.4172505886651059E-5
6230112,123,1.9742823242985038E-5,51032249036,879184,1.7228008104831746E-5
7441090,131,1.7604947662237656E-5,60952440924,1020230,1.6738131968695037E-5
6715848,64,9.529697515488737E-6,55011062126,449777,8.176119177081311E-6
7208102,154,2.136484750077066E-5,59043425689,1196024,2.025668372122967E-5
7466680,135890,0.0181995210722838,61162375043,1113178286,0.018200377032732685
6340143,53,8.359432902380908E-6,51933725858,385061,7.414468991746415E-6
6684497,195,2.917197808601006E-5,54753978824,1442645,2.6347765605075143E-5
6324563,155376,0.024567072855468435,51805382141,1272750758,0.024567925288842045
Trace: hadoop-bayes; beginning 3 sim with cache size 256
java CacheSim newTopology.txt hadoop-bayes 3 256
27480947,409988,0.014918990964903792,225102253081,3358335854,0.014919156996583008
39388672,512872,0.013020799482653287,322639715559,4200726876,0.013019869140170462
40176068,605945,0.015082237515129654,329091841330,4963388087,0.015082075772346222
6870786,154,2.241373839907108E-5,56279232850,1152629,2.0480538586445923E-5
6946004,142,2.0443408901002648E-5,56897098662,1078192,1.8949859050020325E-5
6877585,445,6.470294442017075E-5,56332750084,3442547,6.111093448955859E-5
6207276,200542,0.03230756937503665,50845271689,1642781920,0.032309433412967756
6142695,256,4.167551864450376E-5,50315935807,1952198,3.87988013874604E-5
6316198,177,2.802318736683049E-5,51736919804,1349660,2.6086980150984017E-5
6634264,152,2.2911358366203094E-5,54343047146,1157224,2.1294794104772228E-5
6807074,167,2.453330167998761E-5,55758452762,1267666,2.273495653494762E-5
6230112,340,5.457365774483669E-5,51032249036,2611618,5.117583585543467E-5
7441090,175,2.3518059854134274E-5,60952440924,1356961,2.226261950184996E-5
6715848,70,1.0423106657565805E-5,55011062126,482834,8.777034678845022E-6
7208102,155,2.150358027674969E-5,59043425689,1203917,2.0390364989006625E-5
7466680,136064,0.018222824602098925,61162375043,1114595266,0.01822354454378836
6340143,63,9.936684393396174E-6,51933725858,464250,8.939277749287186E-6
6684497,269,4.024236976993183E-5,54753978824,1993873,3.641512530822759E-5
6324563,155593,0.02460138352641914,51805382141,1274473741,0.024601184053255953
Trace: hadoop-bayes; beginning 3 sim with cache size 512
java CacheSim newTopology.txt hadoop-bayes 3 512
27480947,413529,0.015047843875249278,225102253081,3387301939,0.015047836672612626
39388672,513401,0.013034229739961784,322639715559,4204959248,0.013032987091234445
40176068,606928,0.015106704817405227,329091841330,4971151949,0.015105667551372475
6870786,128598,0.01871663591327106,56279232850,1053358093,0.018716639151914096
6946004,151,2.173911791585493E-5,56897098662,1146982,2.01588837914865E-5
6877585,12928,0.0018797295853122862,56332750084,105613386,0.0018748132452705698
6207276,200624,0.03232077967855787,50845271689,1643441832,0.03232241224026238
6142695,354,5.762942812560285E-5,50315935807,2746002,5.457519483554897E-5
6316198,341,5.398817453157738E-5,51736919804,2616563,5.057438691581524E-5
6634264,320,4.8234438665690726E-5,54343047146,2521704,4.640343397058871E-5
6807074,208,3.0556447601421697E-5,55758452762,1570365,2.8163711907555318E-5
6230112,488,7.832924993964796E-5,51032249036,3783518,7.413974636569455E-5
7441090,345,4.6364175141007564E-5,60952440924,2739873,4.495099717854246E-5
6715848,72,1.072090970492483E-5,55011062126,491681,8.93785687820079E-6
7208102,291,4.037123780989781E-5,59043425689,2302598,3.899838082106713E-5
7466680,136261,0.018249208483556278,61162375043,1116176749,0.01824940166589796
6340143,288,4.5424842941239654E-5,51933725858,2293318,4.4158549422595134E-5
6684497,329,4.92183630271657E-5,54753978824,2448911,4.4725717703031706E-5
6324563,155730,0.024623045102088476,51805382141,1275572292,0.024622389398233625
Trace: hadoop-bayes; beginning 3 sim with cache size 1024
java CacheSim newTopology.txt hadoop-bayes 3 1024
27480947,413985,0.015064437189882866,225102253081,3390975985,0.015064158348427562
39388672,513765,0.013043470975614513,322639715559,4207842185,0.01304192255968725
40176068,607593,0.015123256959839872,329091841330,4976493095,0.015121897507054189
6870786,145712,0.02120747175068471,56279232850,1193191973,0.021201283538817818
6946004,321,4.621362152973134E-5,56897098662,2485283,4.368031162298706E-5
6877585,13280,0.0019309103413480168,56332750084,108447113,0.0019251166122422605
6207276,200761,0.03234285055151406,50845271689,1644543485,0.03234407901405284
6142695,602,9.800258681246586E-5,50315935807,4723494,9.387669978191806E-5
6316198,664,1.0512653339873132E-4,51736919804,5056619,9.773714823295398E-5
6634264,352,5.305788253225979E-5,54343047146,2767039,5.0917994947283186E-5
6807074,321,4.715682538488637E-5,55758452762,2448901,4.391981625553557E-5
6230112,681,1.0930782624774643E-4,51032249036,5285638,1.0357446712315813E-4
7441090,116915,0.015712079816263477,60952440924,957628292,0.015711073707352287
6715848,71412,0.010633355609001275,55011062126,584866765,0.010631802811957945
7208102,403,5.5909308719549195E-5,59043425689,3205881,5.429700195389013E-5
7466680,136382,0.018265413811761052,61162375043,1117124611,0.018264899134714917
6340143,17215,0.00271523844178278,51933725858,140948787,0.0027140126126399978
6684497,97521,0.014589130640645064,54753978824,798625580,0.014585708603334285
6324563,155933,0.024655142181364942,51805382141,1277194896,0.02465371054543767
Trace: hadoop-bayes; beginning 3 sim with cache size 2048
java CacheSim newTopology.txt hadoop-bayes 3 2048
27480947,414685,0.015089909383399342,225102253081,3396606985,0.015089173646688365
39388672,518838,0.013172264350521896,322639715559,4249225094,0.0131701860901962
40176068,608836,0.015154195776450797,329091841330,4986405563,0.01515201818084525
6870786,146192,0.02127733275348701,56279232850,1197057551,0.021269969229866643
6946004,756,1.0883955724759157E-4,56897098662,5961448,1.0477595765320607E-4
6877585,14015,0.0020377792495476247,56332750084,114323084,0.0020294248697166092
6207276,201018,0.03238425357596472,50845271689,1646619985,0.03238491860308486
6142695,969,1.577483498692349E-4,50315935807,7593355,1.5091352030351397E-4
6316198,845,1.337830131354337E-4,51736919804,6430847,1.2429899237068233E-4
6634264,642,9.677034257304202E-5,54343047146,5108756,9.40093768808111E-5
6807074,751,1.1032640456090238E-4,55758452762,5912690,1.0604114187382121E-4
6230112,17616,0.0028275575142148327,51032249036,143929523,0.0028203640975820385
7441090,117030,0.01572753454131048,60952440924,958544146,0.015726099422255845
6715848,71677,0.010672814512776347,55011062126,586982327,0.010670259840748889
7208102,79180,0.010984861202019617,59043425689,648512457,0.01098365227681598
7466680,136413,0.018269565590061446,61162375043,1117373101,0.0182689619265837
6340143,17599,0.0027758048990377663,51933725858,144047592,0.002773681064090466
6684497,97884,0.014643435399851327,54753978824,801538331,0.014638905668872894
6324563,156322,0.024716648407170583,51805382141,1280264315,0.024712959582374523
Trace: hadoop-terasort-sort; beginning 3 sim with cache size 1
java CacheSim newTopology.txt hadoop-terasort-sort 3 1
128225309,102,7.954747841551312E-7,1050381730539,788071,7.502710463134235E-7
184766899,93,5.033369099299545E-7,1513549886002,713589,4.714671162144021E-7
184847809,200,1.0819711690496695E-6,1514218070458,1578107,1.0421926872941595E-6
26131218,26,9.949784966012682E-7,214051877686,210155,9.817947044981476E-7
31295416,18,5.751641071011806E-7,256364628547,136409,5.320897846677463E-7
31031446,323,1.0408796290060089E-5,254198553512,2612813,1.0278630479605214E-5
33291870,7,2.102615443349983E-7,272718307744,37632,1.379885359046928E-7
32837659,257,7.826380071734103E-6,268994958659,1989099,7.394558656103085E-6
29560145,223,7.543941343995437E-6,242145625905,1792360,7.401992058709288E-6
32779197,28,8.54200302710283E-7,268516927615,206068,7.674302020000044E-7
31526775,17,5.392241991132934E-7,258258305575,129785,5.025395009505688E-7
32740894,119,3.6345983710768556E-6,268202304801,954846,3.5601707476319934E-6
31030814,10,3.2226031840479595E-7,254196674394,81920,3.222701484796987E-7
30403744,29,9.538298967390332E-7,249054542612,218971,8.792090186491121E-7
29605413,15,5.06664102270757E-7,242520245480,121591,5.013643284062538E-7
30809970,14,4.543983652045101E-7,252385382623,107787,4.2707306928708524E-7
31828795,11,3.455990086963707E-7,260732602625,83249,3.1928880071715965E-7
28679558,8,2.789443268267942E-7,234935842097,65279,2.7785883761851753E-7
33424104,2,5.983705651466378E-8,273802917220,16384,5.983866120328986E-8
Trace: hadoop-terasort-sort; beginning 3 sim with cache size 8
java CacheSim newTopology.txt hadoop-terasort-sort 3 8
128225309,102,7.954747841551312E-7,1050381730539,788071,7.502710463134235E-7
184766899,93,5.033369099299545E-7,1513549886002,713589,4.714671162144021E-7
184847809,305,1.650006032800746E-6,1514218070458,2409639,1.5913421237082222E-6
26131218,156,5.96987097960761E-6,214051877686,1262827,5.899630564570352E-6
31295416,18,5.751641071011806E-7,256364628547,136409,5.320897846677463E-7
31031446,803,2.5876976535350624E-5,254198553512,6487916,2.5523024857392524E-5
33291870,22,6.608219964814232E-7,272718307744,152761,5.601420794360325E-7
32837659,895,2.7255292467712147E-5,268994958659,7169648,2.6653466056547298E-5
29560145,260,8.795626679097819E-6,242145625905,2086392,8.616269619582332E-6
32779197,35,1.0677503783878538E-6,268516927615,262882,9.79014627997385E-7
31526775,144,4.567546157194956E-6,258258305575,1155321,4.473509564107655E-6
32740894,119,3.6345983710768556E-6,268202304801,954846,3.5601707476319934E-6
31030814,418,1.3470481309320471E-5,254196674394,3379139,1.3293403653119391E-5
30403744,89,2.9272710624059983E-6,249054542612,698501,2.8046105590942338E-6
29605413,16,5.404417090888075E-7,242520245480,129253,5.32957567085504E-7
30809970,294,9.542365669294713E-6,252385382623,2382029,9.4380624394486E-6
31828795,11,3.455990086963707E-7,260732602625,83249,3.1928880071715965E-7
28679558,10,3.4868040853349276E-7,234935842097,69318,2.9505076526969466E-7
33424104,2,5.983705651466378E-8,273802917220,16384,5.983866120328986E-8
Trace: hadoop-terasort-sort; beginning 3 sim with cache size 16
java CacheSim newTopology.txt hadoop-terasort-sort 3 16
128225309,102,7.954747841551312E-7,1050381730539,788071,7.502710463134235E-7
184766899,117,6.332303060409105E-7,1513549886002,905238,5.980893053952527E-7
184847809,389,2.104433923801607E-6,1514218070458,3078251,2.032898074627344E-6
26131218,1300,4.9748924830063414E-5,214051877686,10509991,4.9100204649535776E-5
31295416,18,5.751641071011806E-7,256364628547,136409,5.320897846677463E-7
31031446,803,2.5876976535350624E-5,254198553512,6487916,2.5523024857392524E-5
33291870,858,2.5772057862775508E-5,272718307744,6941941,2.5454620400902395E-5
32837659,1547,4.711054463413485E-5,268994958659,12434547,4.622594810694221E-5
29560145,595,2.0128453361781548E-5,242145625905,4789383,1.977893667126987E-5
32779197,370,1.1287646857243026E-5,268516927615,2985783,1.111953360452947E-5
31526775,369,1.1704337027812075E-5,258258305575,2979226,1.1535838095765761E-5
32740894,120,3.6651412145312833E-6,268202304801,963038,3.5907148550216684E-6
31030814,462,1.4888426710301573E-5,254196674394,3735762,1.4696344902646682E-5
30403744,144,4.736258797600717E-6,249054542612,1135166,4.557901205473958E-6
29605413,16,5.404417090888075E-7,242520245480,129253,5.32957567085504E-7
30809970,1110,3.6027298955500443E-5,252385382623,8981710,3.5587282855506754E-5
31828795,176,5.529584139141931E-6,260732602625,1422940,5.457468631364643E-6
28679558,178,6.206511271896171E-6,234935842097,1395140,5.938387210513313E-6
33424104,2,5.983705651466378E-8,273802917220,16384,5.983866120328986E-8
Trace: hadoop-terasort-sort; beginning 3 sim with cache size 32
java CacheSim newTopology.txt hadoop-terasort-sort 3 32
128225309,102,7.954747841551312E-7,1050381730539,788071,7.502710463134235E-7
184766899,357,1.9321642671504703E-6,1513549886002,2862263,1.8910926071690893E-6
184847809,390,2.109843779646855E-6,1514218070458,3081025,2.034730043254664E-6
26131218,1774,6.788814819117884E-5,214051877686,14358877,6.708129428821702E-5
31295416,393,1.2557749671709108E-5,256364628547,3173555,1.237906733852788E-5
31031446,1079,3.477118017639268E-5,254198553512,8730217,3.434408606730278E-5
33291870,1059,3.1809567921537604E-5,272718307744,8583615,3.147428961042622E-5
32837659,3195,9.729682618362046E-5,268994958659,25761846,9.577073908161164E-5
29560145,2622,8.870051212536339E-5,242145625905,21214063,8.760869795072336E-5
32779197,1524,4.649290219037398E-5,268516927615,12325832,4.59033704484836E-5
31526775,1080,3.425659617896217E-5,258258305575,8665541,3.355377470128823E-5
32740894,1770,5.406083291433643E-5,268202304801,14273954,5.322084763809524E-5
31030814,876,2.8230003892260126E-5,254196674394,7052129,2.7742805907324083E-5
30403744,935,3.075279149831021E-5,249054542612,7522310,3.020346435406699E-5
29605413,1011,3.414916049304903E-5,242520245480,8243580,3.3991306514159974E-5
30809970,1110,3.6027298955500443E-5,252385382623,8981710,3.5587282855506754E-5
31828795,503,1.580330012493404E-5,260732602625,4067996,1.560217617223273E-5
28679558,282,9.832787520644496E-6,234935842097,2219143,9.445740505970831E-6
33424104,2,5.983705651466378E-8,273802917220,16384,5.983866120328986E-8
Trace: hadoop-terasort-sort; beginning 3 sim with cache size 64
java CacheSim newTopology.txt hadoop-terasort-sort 3 64
128225309,102,7.954747841551312E-7,1050381730539,788071,7.502710463134235E-7
184766899,357,1.9321642671504703E-6,1513549886002,2862263,1.8910926071690893E-6
184847809,390,2.109843779646855E-6,1514218070458,3081025,2.034730043254664E-6
26131218,3296,1.2613265864606848E-4,214051877686,26722699,1.2484216111012322E-4
31295416,698,2.2303585930923558E-5,256364628547,5656252,2.2063308936408223E-5
31031446,1462,4.711349899711409E-5,254198553512,11825546,4.6520902013872986E-5
33291870,1059,3.1809567921537604E-5,272718307744,8583615,3.147428961042622E-5
32837659,3640,1.1084834031561142E-4,268994958659,29345156,1.0909184375161587E-4
29560145,2622,8.870051212536339E-5,242145625905,21214063,8.760869795072336E-5
32779197,2306,7.034949635892545E-5,268516927615,18623602,6.935727354478951E-5
31526775,1080,3.425659617896217E-5,258258305575,8665541,3.355377470128823E-5
32740894,3537,1.0803003729830956E-4,268202304801,28495065,1.062446686322949E-4
31030814,876,2.8230003892260126E-5,254196674394,7052129,2.7742805907324083E-5
30403744,1351,4.443531691360117E-5,249054542612,10891347,4.3730770319526106E-5
29605413,5107,1.7250223801978376E-4,242520245480,41798012,1.7234854730281465E-4
30809970,1110,3.6027298955500443E-5,252385382623,8981710,3.5587282855506754E-5
31828795,503,1.580330012493404E-5,260732602625,4067996,1.560217617223273E-5
28679558,282,9.832787520644496E-6,234935842097,2219143,9.445740505970831E-6
33424104,2,5.983705651466378E-8,273802917220,16384,5.983866120328986E-8
Trace: hadoop-terasort-sort; beginning 3 sim with cache size 128
java CacheSim newTopology.txt hadoop-terasort-sort 3 128
128225309,102,7.954747841551312E-7,1050381730539,788071,7.502710463134235E-7
184766899,3029,1.639362903417024E-5,1513549886002,24492869,1.6182399553870823E-5
184847809,390,2.109843779646855E-6,1514218070458,3081025,2.034730043254664E-6
26131218,3296,1.2613265864606848E-4,214051877686,26722699,1.2484216111012322E-4
31295416,698,2.2303585930923558E-5,256364628547,5656252,2.2063308936408223E-5
31031446,3063,9.870632519026023E-5,254198553512,24799340,9.755893437383109E-5
33291870,1059,3.1809567921537604E-5,272718307744,8583615,3.147428961042622E-5
32837659,3640,1.1084834031561142E-4,268994958659,29345156,1.0909184375161587E-4
29560145,2622,8.870051212536339E-5,242145625905,21214063,8.760869795072336E-5
32779197,2312,7.053253928093479E-5,268516927615,18657170,6.948228614752616E-5
31526775,1080,3.425659617896217E-5,258258305575,8665541,3.355377470128823E-5
32740894,3537,1.0803003729830956E-4,268202304801,28495065,1.062446686322949E-4
31030814,876,2.8230003892260126E-5,254196674394,7052129,2.7742805907324083E-5
30403744,1351,4.443531691360117E-5,249054542612,10891347,4.3730770319526106E-5
29605413,13299,4.492083930732532E-4,242520245480,108906876,4.4906302888012397E-4
30809970,1110,3.6027298955500443E-5,252385382623,8981710,3.5587282855506754E-5
31828795,503,1.580330012493404E-5,260732602625,4067996,1.560217617223273E-5
28679558,282,9.832787520644496E-6,234935842097,2219143,9.445740505970831E-6
33424104,2,5.983705651466378E-8,273802917220,16384,5.983866120328986E-8
Trace: hadoop-terasort-sort; beginning 3 sim with cache size 256
java CacheSim newTopology.txt hadoop-terasort-sort 3 256
128225309,102,7.954747841551312E-7,1050381730539,788071,7.502710463134235E-7
184766899,4243,2.296406998744943E-5,1513549886002,34342245,2.268986659614774E-5
184847809,426,2.304598590075796E-6,1514218070458,3370978,2.2262169932897396E-6
26131218,3455,1.3221733483682237E-4,214051877686,28011052,1.308610431396933E-4
31295416,1105,3.530868546371136E-5,256364628547,8957785,3.494157930745015E-5
31031446,3063,9.870632519026023E-5,254198553512,24799340,9.755893437383109E-5
33291870,1314,3.9469095608026824E-5,272718307744,10632464,3.8986982898048294E-5
32837659,3933,1.1977102265420321E-4,268994958659,31720421,1.1792199065043222E-4
29560145,3631,1.2283430950693914E-4,242145625905,29378710,1.2132661860068466E-4
32779197,2361,7.202738981067779E-5,268516927615,19053619,7.095872565367316E-5
31526775,1084,3.438347246110647E-5,258258305575,8698309,3.3680655422227846E-5
32740894,4082,1.2467588698097248E-4,268202304801,32871829,1.225635589686306E-4
31030814,929,2.9937983579805545E-5,254196674394,7477736,2.9417127575829932E-5
30403744,1351,4.443531691360117E-5,249054542612,10891347,4.3730770319526106E-5
29605413,16714,5.645589203568956E-4,242520245480,136882556,5.644170272427352E-4
30809970,1654,5.368392114630427E-5,252385382623,13381003,5.3018137821348544E-5
31828795,568,1.7845476085412595E-5,260732602625,4595638,1.7625866323321675E-5
28679558,376,1.3110383360859326E-5,234935842097,2976499,1.2669412097499652E-5
33424104,2,5.983705651466378E-8,273802917220,16384,5.983866120328986E-8
Trace: hadoop-terasort-sort; beginning 3 sim with cache size 512
java CacheSim newTopology.txt hadoop-terasort-sort 3 512
128225309,2441,1.9036803412967405E-5,1050381730539,19774095,1.882562731727349E-5
184766899,10510,5.6882483046922816E-5,1513549886002,85143128,5.62539291155465E-5
184847809,634,3.429848605887452E-6,1514218070458,5046280,3.3325979252603094E-6
26131218,5799,2.2191847314579824E-4,214051877686,46976824,2.1946466673332295E-4
31295416,1763,5.633412893441008E-5,256364628547,14338203,5.5928944181046956E-5
31031446,3422,1.1027523499871711E-4,254198553512,27702043,1.0897797260161146E-4
33291870,1323,3.973943187931468E-5,272718307744,10689005,3.919430671311492E-5
32837659,4037,1.229381180917921E-4,268994958659,32541533,1.2097450882435424E-4
29560145,4361,1.4752972287517533E-4,242145625905,35307354,1.458104141590069E-4
32779197,2405,7.336970457207967E-5,268516927615,19404411,7.226513118689514E-5
31526775,1642,5.208271382023693E-5,258258305575,13223302,5.120184603766736E-5
32740894,4142,1.265084575882381E-4,268202304801,33357584,1.2437471044385903E-4
31030814,965,3.109812072606281E-5,254196674394,7761203,3.0532275917859895E-5
30403744,1929,6.344613347619294E-5,249054542612,15510819,6.227880382075253E-5
29605413,17053,5.760095290682146E-4,242520245480,139627739,5.757364244937429E-4
30809970,3033,9.844216011894851E-5,252385382623,24529223,9.71895548984327E-5
31828795,744,2.3375060224554526E-5,260732602625,5983261,2.2947882005402507E-5
28679558,557,1.9421498755315547E-5,234935842097,4459251,1.8980718140737633E-5
33424104,2,5.983705651466378E-8,273802917220,16384,5.983866120328986E-8
Trace: hadoop-terasort-sort; beginning 3 sim with cache size 1024
java CacheSim newTopology.txt hadoop-terasort-sort 3 1024
128225309,7807,6.0885016077442245E-5,1050381730539,63099672,6.007308597001264E-5
184766899,14675,7.942439949701163E-5,1513549886002,118911567,7.856468300103514E-5
184847809,3845,2.0800895724979893E-5,1514218070458,31131329,2.055934320648004E-5
26131218,6299,2.4105267500351495E-4,214051877686,50994306,2.382333972085276E-4
31295416,1934,6.179818795187129E-5,256364628547,15715920,6.130299678654288E-5
31031446,3732,1.2026510140713391E-4,254198553512,30207989,1.1883619549618705E-4
33291870,1417,4.256294404609894E-5,272718307744,11435474,4.193144968739851E-5
32837659,4548,1.3849951971302217E-4,268994958659,36685764,1.3638086075250903E-4
29560145,4538,1.535175148836381E-4,242145625905,36740467,1.5172880725260028E-4
32779197,2685,8.191170759918249E-5,268516927615,21617643,8.050756126256372E-5
31526775,1781,5.64916646247515E-5,258258305575,14323948,5.54636489545163E-5
32740894,4640,1.4171879362854294E-4,268202304801,37419169,1.3951844682231262E-4
31030814,1035,3.335394295489638E-5,254196674394,8307079,3.267973123489486E-5
30403744,2558,8.413437502960162E-5,249054542612,20602369,8.272231770570938E-5
29605413,17095,5.774281885545727E-4,242520245480,139958493,5.771002446537685E-4
30809970,5363,1.740670308994134E-4,252385382623,43432900,1.7208960181690783E-4
31828795,808,2.538581809333341E-5,260732602625,6492462,2.490084452283789E-5
28679558,1285,4.480543249655382E-5,234935842097,10393858,4.424126138960354E-5
33424104,10,2.9918528257331897E-7,273802917220,76961,2.8108173857827096E-7
Trace: hadoop-terasort-sort; beginning 3 sim with cache size 2048
java CacheSim newTopology.txt hadoop-terasort-sort 3 2048
128225309,17331,1.351605243548292E-4,1050381730539,140077735,1.3335888365853388E-4
184766899,17069,9.238126575907949E-5,1513549886002,138214755,9.131826858055563E-5
184847809,11665,6.310596843482197E-5,1514218070458,94378894,6.23284689578784E-5
26131218,23047,8.819719004295935E-4,214051877686,188144520,8.789669216356775E-4
31295416,2044,6.531307971748961E-5,256364628547,16599775,6.475064479090851E-5
31031446,4403,1.4188832837502965E-4,254198553512,35659660,1.402827022708318E-4
33291870,1486,4.46355221259725E-5,272718307744,11986987,4.395373049634847E-5
32837659,21579,6.571418504589502E-4,268994958659,176129023,6.547670033596264E-4
29560145,4916,1.6630500290171107E-4,242145625905,39775425,1.6426241379063742E-4
32779197,19203,5.85828871890913E-4,268516927615,156891870,5.842904259092068E-4
31526775,1866,5.918778562031797E-5,258258305575,14990179,5.8043356888852306E-5
32740894,5157,1.5750944369448188E-4,268202304801,41588014,1.5506210519278482E-4
31030814,1136,3.660877217078482E-5,254196674394,9125767,3.590041853126385E-5
30403744,2892,9.511986418514773E-5,249054542612,23288338,9.35069794582334E-5
29605413,17320,5.850281500886341E-4,242520245480,141767533,5.845595806626841E-4
30809970,5867,1.9042537204677577E-4,252385382623,47495371,1.8818590247338566E-4
31828795,1146,3.600513308782189E-5,260732602625,9218508,3.535617681559589E-5
28679558,17772,6.196748220457233E-4,234935842097,145433822,6.190363322253463E-4
33424104,426,1.2745293037623386E-5,273802917220,3447532,1.2591290242645283E-5
Trace: hadoopWordCount-sort; beginning 3 sim with cache size 1
java CacheSim newTopology.txt hadoopWordCount-sort 3 1
216591663,76,3.5089069887237536E-7,1774227896484,575378,3.242976852862198E-7
311510784,126,4.044803790805522E-7,2551760361178,978188,3.8333850422710824E-7
314876269,88,2.794748562013735E-7,2579340178311,688867,2.6707101521253507E-7
53532215,32,5.977708936572118E-7,438506615607,254995,5.815077604861782E-7
49658967,8,1.6109880014217776E-7,406784842559,65536,1.6110728115562632E-7
55343811,141,2.547710348316996E-6,453347513939,1128580,2.4894368344365856E-6
54749759,52,9.497758702462965E-7,448492874045,410179,9.145719447012758E-7
52509069,15,2.856649391365137E-7,430134071095,117921,2.741494057883078E-7
51529185,91,1.7659895067232289E-6,422099564301,733554,1.7378695976973367E-6
51256005,17,3.316684552375863E-7,419864770492,135211,3.220346394901362E-7
49747225,0,0.0,407511508713,0,0.0
52171255,177,3.3926728425451907E-6,427366427607,1428129,3.3416967448675843E-6
55669185,11,1.9759585127750658E-7,456020631358,80423,1.763582488812085E-7
52063226,3,5.762224569026898E-8,426483955233,18975,4.44917089310744E-8
55123084,10,1.8141220110253627E-7,451550394425,72291,1.6009508770788402E-7
52287315,86,1.6447583892957594E-6,428315404774,672886,1.5710058347190368E-6
53426871,88,1.6471112448265968E-6,437651143836,702577,1.6053356877853267E-6
52823927,7,1.3251570637677128E-7,432713063534,57344,1.3252199860033634E-7
51429721,2950,5.7359828959601006E-5,421288698571,23945159,5.6837885946671106E-5
Trace: hadoopWordCount-sort; beginning 3 sim with cache size 8
java CacheSim newTopology.txt hadoopWordCount-sort 3 8
216591663,113,5.217190654286633E-7,1774227896484,873523,4.923397956548122E-7
311510784,240,7.704388172962899E-7,2551760361178,1887961,7.398661052672037E-7
314876269,420,1.3338572682338282E-6,2579340178311,3385774,1.312651207649961E-6
53532215,324,6.05243029827927E-6,438506615607,2637922,6.0156948746337E-6
49658967,33,6.645325505864833E-7,406784842559,270336,6.645675347669586E-7
55343811,966,1.7454526216129206E-5,453347513939,7796156,1.7196865010379232E-5
54749759,52,9.497758702462965E-7,448492874045,410179,9.145719447012758E-7
52509069,31,5.90374207548795E-7,430134071095,243873,5.669697342950958E-7
51529185,474,9.198670617437477E-6,422099564301,3826416,9.065197701249877E-6
51256005,309,6.0285619216714214E-6,419864770492,2506795,5.970481869823284E-6
49747225,0,0.0,407511508713,0,0.0
52171255,232,4.446893217347369E-6,427366427607,1873238,4.383212809880805E-6
55669185,16,2.8741214731273686E-7,456020631358,121383,2.661787464276107E-7
52063226,64,1.2292745747257384E-6,426483955233,509120,1.1937612042681738E-6
55123084,10,1.8141220110253627E-7,451550394425,72291,1.6009508770788402E-7
52287315,934,1.7862841111653945E-5,428315404774,7552991,1.7634180129442985E-5
53426871,237,4.435970057089811E-6,437651143836,1879511,4.294541500625678E-6
52823927,7,1.3251570637677128E-7,432713063534,57344,1.3252199860033634E-7
51429721,2950,5.7359828959601006E-5,421288698571,23945159,5.6837885946671106E-5
Trace: hadoopWordCount-sort; beginning 3 sim with cache size 16
java CacheSim newTopology.txt hadoopWordCount-sort 3 16
216591663,3287,1.5176022726230233E-5,1774227896484,26682389,1.5038873558958621E-5
311510784,240,7.704388172962899E-7,2551760361178,1887961,7.398661052672037E-7
314876269,2989,9.492617558930743E-6,2579340178311,24246702,9.40035060279532E-6
53532215,896,1.673758502240193E-5,438506615607,7275021,1.6590447535049383E-5
49658967,33,6.645325505864833E-7,406784842559,270336,6.645675347669586E-7
55343811,2636,4.7629535306124833E-5,453347513939,21356988,4.7109529319871116E-5
54749759,54,9.863057114096154E-7,448492874045,421443,9.396871709442458E-7
52509069,54,1.0283937808914495E-6,430134071095,427169,9.931066351301774E-7
51529185,564,1.0945253646064846E-5,422099564301,4550565,1.0780785826054498E-5
51256005,309,6.0285619216714214E-6,419864770492,2506795,5.970481869823284E-6
49747225,1,2.0101623758913184E-8,407511508713,8192,2.0102499745030312E-8
52171255,232,4.446893217347369E-6,427366427607,1873238,4.383212809880805E-6
55669185,16,2.8741214731273686E-7,456020631358,121383,2.661787464276107E-7
52063226,64,1.2292745747257384E-6,426483955233,509120,1.1937612042681738E-6
55123084,19,3.446831820948189E-7,451550394425,146019,3.2337254446635843E-7
52287315,934,1.7862841111653945E-5,428315404774,7552991,1.7634180129442985E-5
53426871,1176,2.2011395726319064E-5,437651143836,9439488,2.156852125933718E-5
52823927,7,1.3251570637677128E-7,432713063534,57344,1.3252199860033634E-7
51429721,2950,5.7359828959601006E-5,421288698571,23945159,5.6837885946671106E-5
Trace: hadoopWordCount-sort; beginning 3 sim with cache size 32
java CacheSim newTopology.txt hadoopWordCount-sort 3 32
216591663,3520,1.6251779737246857E-5,1774227896484,28562453,1.6098525480634375E-5
311510784,240,7.704388172962899E-7,2551760361178,1887961,7.398661052672037E-7
314876269,2989,9.492617558930743E-6,2579340178311,24246702,9.40035060279532E-6
53532215,2371,4.429108715191404E-5,438506615607,19190115,4.3762429840280074E-5
49658967,33,6.645325505864833E-7,406784842559,270336,6.645675347669586E-7
55343811,2636,4.7629535306124833E-5,453347513939,21356988,4.7109529319871116E-5
54749759,54,9.863057114096154E-7,448492874045,421443,9.396871709442458E-7
52509069,299,5.694254453454507E-6,430134071095,2400759,5.581420215999967E-6
51529185,961,1.864962545012113E-5,422099564301,7760293,1.8384982256144005E-5
51256005,3148,6.141719394634833E-5,419864770492,25495574,6.0723299004401196E-5
49747225,563,1.1317214176268123E-5,407511508713,4546621,1.1157037047515804E-5
52171255,258,4.945251939981126E-6,427366427607,2081110,4.869615078687835E-6
55669185,331,5.945838797532243E-6,456020631358,2668071,5.850768181375165E-6
52063226,221,4.244838765849815E-6,426483955233,1771200,4.153028451052384E-6
55123084,129,2.340217394222718E-6,451550394425,1028195,2.2770326694306042E-6
52287315,1720,3.289516778591519E-5,428315404774,13939701,3.2545411266156216E-5
53426871,2114,3.956810422231165E-5,437651143836,17006612,3.8858831376373255E-5
52823927,7,1.3251570637677128E-7,432713063534,57344,1.3252199860033634E-7
51429721,2950,5.7359828959601006E-5,421288698571,23945159,5.6837885946671106E-5
Trace: hadoopWordCount-sort; beginning 3 sim with cache size 64
java CacheSim newTopology.txt hadoopWordCount-sort 3 64
216591663,3520,1.6251779737246857E-5,1774227896484,28562453,1.6098525480634375E-5
311510784,307,9.85519653791504E-7,2551760361178,2432217,9.531525910517656E-7
314876269,2989,9.492617558930743E-6,2579340178311,24246702,9.40035060279532E-6
53532215,10025,1.872704127785484E-4,438506615607,81358309,1.8553496367980737E-4
49658967,1868,3.7616569833198504E-5,406784842559,15128064,3.7189350283635084E-5
55343811,2636,4.7629535306124833E-5,453347513939,21356988,4.7109529319871116E-5
54749759,92,1.6803726935126783E-6,448492874045,718897,1.6029173295802883E-6
52509069,2210,4.208796769944636E-5,430134071095,17853748,4.150740245837628E-5
51529185,6297,1.2220259256962826E-4,422099564301,51055397,1.2095581544735331E-4
51256005,3148,6.141719394634833E-5,419864770492,25495574,6.0723299004401196E-5
49747225,1742,3.501702858802677E-5,407511508713,14111805,3.462921831230682E-5
52171255,1971,3.777942470427441E-5,427366427607,15959552,3.7343953499960396E-5
55669185,1980,3.556725322995118E-5,456020631358,16004029,3.5094966980640843E-5
52063226,2567,4.930543489564016E-5,426483955233,20789056,4.874522416357343E-5
55123084,1944,3.526653189433305E-5,451550394425,15757439,3.489630215042858E-5
52287315,4240,8.109041361179093E-5,428315404774,34457178,8.044814082318911E-5
53426871,3432,6.423733854823727E-5,437651143836,27711500,6.331869661554973E-5
52823927,155,2.9342763554856496E-6,432713063534,1254561,2.89929079042335E-6
51429721,2950,5.7359828959601006E-5,421288698571,23945159,5.6837885946671106E-5
Trace: hadoopWordCount-sort; beginning 3 sim with cache size 128
java CacheSim newTopology.txt hadoopWordCount-sort 3 128
216591663,3520,1.6251779737246857E-5,1774227896484,28562453,1.6098525480634375E-5
311510784,675,2.166859173645815E-6,2551760361178,5389371,2.1120208159013956E-6
314876269,2989,9.492617558930743E-6,2579340178311,24246702,9.40035060279532E-6
53532215,10025,1.872704127785484E-4,438506615607,81358309,1.8553496367980737E-4
49658967,1868,3.7616569833198504E-5,406784842559,15128064,3.7189350283635084E-5
55343811,2636,4.7629535306124833E-5,453347513939,21356988,4.7109529319871116E-5
54749759,1555,2.8401951504480595E-5,448492874045,12626481,2.815313627197811E-5
52509069,2210,4.208796769944636E-5,430134071095,17853748,4.150740245837628E-5
51529185,6297,1.2220259256962826E-4,422099564301,51055397,1.2095581544735331E-4
51256005,3148,6.141719394634833E-5,419864770492,25495574,6.0723299004401196E-5
49747225,1742,3.501702858802677E-5,407511508713,14111805,3.462921831230682E-5
52171255,1971,3.777942470427441E-5,427366427607,15959552,3.7343953499960396E-5
55669185,1980,3.556725322995118E-5,456020631358,16004029,3.5094966980640843E-5
52063226,2567,4.930543489564016E-5,426483955233,20789056,4.874522416357343E-5
55123084,1944,3.526653189433305E-5,451550394425,15757439,3.489630215042858E-5
52287315,4240,8.109041361179093E-5,428315404774,34457178,8.044814082318911E-5
53426871,3432,6.423733854823727E-5,437651143836,27711500,6.331869661554973E-5
52823927,2999,5.677351477484815E-5,432713063534,24349421,5.6271518130597804E-5
51429721,2950,5.7359828959601006E-5,421288698571,23945159,5.6837885946671106E-5
Trace: hadoopWordCount-sort; beginning 3 sim with cache size 256
java CacheSim newTopology.txt hadoopWordCount-sort 3 256
216591663,5674,2.619676086055076E-5,1774227896484,46059029,2.596004103603348E-5
311510784,4141,1.3293279760099734E-5,2551760361178,33529403,1.3139714649584657E-5
314876269,6117,1.942667835663411E-5,2579340178311,49676392,1.9259340980967088E-5
53532215,12798,2.3907099678203116E-4,438506615607,103918507,2.3698275761735422E-4
49658967,2019,4.065730968588211E-5,406784842559,16339968,4.016857633438014E-5
55343811,2764,4.9942350374100546E-5,453347513939,22347724,4.9294908018414743E-5
54749759,3586,6.549800520583113E-5,448492874045,29119995,6.492855669559248E-5
52509069,3050,5.808520429109113E-5,430134071095,24698279,5.741995498548894E-5
51529185,12635,2.4520085074118675E-4,422099564301,102524986,2.4289289701064283E-4
51256005,4116,8.030278598575913E-5,419864770492,33328674,7.937954394445922E-5
49747225,3002,6.034507452425738E-5,407511508713,24345716,5.9742401084299364E-5
52171255,3415,6.545750145362613E-5,427366427607,27708928,6.483646400386117E-5
55669185,2037,3.659115900475281E-5,456020631358,16466365,3.610881584669586E-5
52063226,4356,8.366750074227056E-5,426483955233,35280219,8.272343793267777E-5
55123084,4013,7.280071630244781E-5,451550394425,32547455,7.207934131348866E-5
52287315,6225,1.1905373224844305E-4,428315404774,50570152,1.1806755357464499E-4
53426871,5094,9.534528046757595E-5,437651143836,41202098,9.41437000229561E-5
52823927,4605,8.717640398071881E-5,432713063534,37399284,8.642975484621899E-5
51429721,5688,1.1059752783803746E-4,421288698571,46261352,1.0980914550263814E-4
Trace: hadoopWordCount-sort; beginning 3 sim with cache size 512
java CacheSim newTopology.txt hadoopWordCount-sort 3 512
216591663,5814,2.6843138463736713E-5,1774227896484,47152275,2.657622230686486E-5
311510784,9809,3.148847649524711E-5,2551760361178,79619088,3.120163210123872E-5
314876269,11398,3.619834557935517E-5,2579340178311,92514428,3.586747834889316E-5
53532215,18435,3.4437207576783435E-4,438506615607,149661175,3.412974164433813E-4
49658967,3395,6.836630331033667E-5,406784842559,27554304,6.773680117150267E-5
55343811,2980,5.3845225801309566E-5,453347513939,24089036,5.313591728053744E-5
54749759,6602,1.2058500568011633E-4,448492874045,53646843,1.1961582023846668E-4
52509069,4323,8.232863545914326E-5,430134071095,35061481,8.151291273147314E-5
51529185,20712,4.019469743214452E-4,422099564301,168073148,3.981836566885123E-4
51256005,6166,1.2029809970558571E-4,419864770492,49978460,1.1903465952009964E-4
49747225,4555,9.156289622184956E-5,407511508713,36939900,9.064750126116275E-5
52171255,5138,9.848335064970164E-5,427366427607,41685504,9.754042738783728E-5
55669185,3858,6.930225402078366E-5,456020631358,31244221,6.851492860521842E-5
52063226,6051,1.1622406955727253E-4,426483955233,49029648,1.149624678687238E-4
55123084,4134,7.49958039357885E-5,451550394425,33518207,7.422916116080857E-5
52287315,9924,1.8979746808571067E-4,428315404774,80628875,1.882464980276479E-4
53426871,6866,1.2851211144294787E-4,437651143836,55615198,1.2707655122875803E-4
52823927,6066,1.1483432498307065E-4,432713063534,49258389,1.1383614952066168E-4
51429721,8928,1.735961196445145E-4,421288698571,72608521,1.723486085581839E-4
Trace: hadoopWordCount-sort; beginning 3 sim with cache size 1024
java CacheSim newTopology.txt hadoopWordCount-sort 3 1024
216591663,9499,4.385672037616702E-5,1774227896484,77011252,4.3405501712950036E-5
311510784,23077,7.4080902444777E-5,2551760361178,187372200,7.342860358309708E-5
314876269,16060,5.1004161256750664E-5,2579340178311,130299511,5.0516605795410264E-5
53532215,25661,4.793562156918035E-4,438506615607,208323113,4.750740481112926E-4
49658967,6417,1.2922137506404433E-4,406784842559,52082620,1.2803480993136057E-4
55343811,12366,2.2343961820771614E-4,453347513939,100278887,2.2119650801370223E-4
54749759,9943,1.8160810534344088E-4,448492874045,80775836,1.8010506002352953E-4
52509069,9179,1.7480789842227063E-4,430134071095,74443579,1.7307064006924085E-4
51529185,21593,4.190440815238976E-4,422099564301,175233649,4.1514766614409614E-4
51256005,18699,3.648157908522133E-4,419864770492,151801337,3.6154816423897225E-4
49747225,7825,1.5729520591349568E-4,407511508713,63426303,1.5564297361886172E-4
52171255,10376,1.9888346561722543E-4,427366427607,84251143,1.9714029356904968E-4
55669185,10318,1.8534490849830116E-4,456020631358,83690908,1.8352438956714277E-4
52063226,9625,1.8487137158961297E-4,426483955233,78024270,1.8294772650327064E-4
55123084,6032,1.0942783970504989E-4,451550394425,48896821,1.0828652040546826E-4
52287315,18134,3.468145189708058E-4,428315404774,147327627,3.4396994681463116E-4
53426871,12215,2.2863027108587362E-4,437651143836,99046379,2.263135385226262E-4
52823927,13632,2.580648727611637E-4,432713063534,110577915,2.5554558971920536E-4
51429721,11032,2.1450631629909095E-4,421288698571,89656746,2.1281545482732694E-4
Trace: hadoopWordCount-sort; beginning 3 sim with cache size 2048
java CacheSim newTopology.txt hadoopWordCount-sort 3 2048
216591663,17938,8.281943889964038E-5,1774227896484,145427875,8.196685177152013E-5
311510784,39485,1.2675323625393334E-4,2551760361178,320605640,1.2564096726230004E-4
314876269,18185,5.77528438638861E-5,2579340178311,147440688,5.716217241905134E-5
53532215,31362,5.858528364649212E-4,438506615607,254609942,5.806296483065775E-4
49658967,7829,1.576553132891387E-4,406784842559,63545571,1.562142055250826E-4
55343811,23436,4.2346198385217814E-4,453347513939,190252111,4.1966064696584903E-4
54749759,30226,5.520754895012415E-4,448492874045,246716111,5.501004035467584E-4
52509069,13899,2.646971326038936E-4,430134071095,112763886,2.6215985567694036E-4
51529185,29303,5.686680276429755E-4,422099564301,237909751,5.636342017883394E-4
51256005,25708,5.01560743955757E-4,419864770492,208667115,4.969864815175673E-4
49747225,12775,2.5679824352011594E-4,407511508713,103548126,2.5409865435954183E-4
52171255,18795,3.602558535346715E-4,427366427607,152608234,3.57089897899833E-4
55669185,17492,3.1421333004964954E-4,456020631358,141868412,3.1110086308491135E-4
52063226,13224,2.539988590027057E-4,426483955233,107217821,2.513994247249558E-4
55123084,14313,2.5965528343806015E-4,451550394425,116176635,2.5728387447859107E-4
52287315,25713,4.917636333018821E-4,428315404774,208966266,4.878794077235227E-4
53426871,20952,3.9216221365462333E-4,437651143836,169962644,3.883518788738496E-4
52823927,18171,3.4399184293890155E-4,432713063534,147419358,3.4068617387239265E-4
51429721,11669,2.268921505524014E-4,421288698571,94801605,2.2502764807497686E-4
Trace: hadoopKMeans; beginning 3 sim with cache size 1
java CacheSim newTopology.txt hadoopKMeans 3 1
81484927,442502,0.005430476730990997,647040577972,744854586,0.0011511713659977487
121835941,597775,0.004906392933756715,968749397747,1012669695,0.0010453371092205522
110590998,691402,0.006251883177688658,876396443482,1142591330,0.0013037379812501115
19661807,78023,0.003968251748173502,156843801861,110268869,7.030489422701179E-4
19829582,111925,0.005644344898445161,157328007834,217326814,0.0013813612527866365
18555375,110539,0.005957249584015414,147042423762,147879076,0.0010056898697436748
20619366,96280,0.004669396721509284,163988483080,132329745,8.069453568604838E-4
20215542,93692,0.004634651893083055,160569881240,124380540,7.746193684610836E-4
26827900,118236,0.004407202949168589,214733409987,182449540,8.496560456570104E-4
22355698,113661,0.005084207167228686,178344842359,150399658,8.433081439902388E-4
18973876,90265,0.0047573305528085036,150252404447,97935520,6.518066739793555E-4
18004182,80869,0.004491678655547917,142448175897,96378131,6.765838199970221E-4
18346042,110908,0.006045336645364706,145599792522,102683815,7.052469871101264E-4
18268167,76832,0.004205785944479268,144734570608,73116952,5.051795966426735E-4
17089007,142279,0.008325761701660021,135195780018,212662387,0.0015729957471430401
17549918,114185,0.006506298206065692,138719263189,114224205,8.23419922901217E-4
18063404,123460,0.006834813637562444,142911423723,157178689,0.0010998329238161794
17799267,123525,0.006939892524787678,140398484561,147963841,0.0010538848867397356
18309432,88194,0.004816861604445184,145181649931,134842746,9.28786427651747E-4
Trace: hadoopKMeans; beginning 3 sim with cache size 8
java CacheSim newTopology.txt hadoopKMeans 3 8
81484927,528454,0.00648529758147786,647040577972,1165408926,0.0018011373098928455
121835941,696462,0.005716392012764115,968749397747,1804810885,0.0018630317491782813
110590998,752841,0.0068074347244791115,876396443482,1347139139,0.0015371344201805498
19661807,100423,0.005107516313225941,156843801861,293769669,0.0018730078301745585
19829582,128053,0.006457675204651314,157328007834,349447390,0.002221139101746646
18555375,138315,0.007454174329540632,147042423762,375420068,0.002553141184666866
20619366,110616,0.005364665431517148,163988483080,249770257,0.001523096331576848
20215542,116427,0.005759281645775315,160569881240,209943516,0.0013074900123155873
26827900,125094,0.004662832349904391,214733409987,235607968,0.001097211505253252
22355698,136061,0.006086188854403025,178344842359,333900458,0.0018722181902399715
18973876,113561,0.005985123967290605,150252404447,288776352,0.001921941635894838
18004182,106498,0.005915181261775736,142448175897,162871614,0.0011433745147973503
18346042,124068,0.006762657580310783,145599792522,141830308,9.741106463360486E-4
18268167,89061,0.004875201764906134,144734570608,110503389,7.63489942560358E-4
17089007,177947,0.010412951437143188,135195780018,322784955,0.0023875372068345945
17549918,121015,0.006895473813609841,138719263189,140385192,0.0010120093545243982
18063404,149439,0.00827302539432767,142911423723,234166446,0.0016385425314485445
17799267,138233,0.00776621868754483,140398484561,196122993,0.0013969024923113679
18309432,120830,0.006599330880389954,145181649931,228709504,0.0015753334123747595
Trace: hadoopKMeans; beginning 3 sim with cache size 16
java CacheSim newTopology.txt hadoopKMeans 3 16
81484927,592966,0.007277002285342908,647040577972,1693891230,0.0026179057197758954
121835941,806030,0.006615699713765087,968749397747,2702391941,0.002789567608800476
110590998,778903,0.007043095858489314,876396443482,1425725908,0.0016268047623920812
19661807,126023,0.006409532959000157,156843801861,503484869,0.003210103702065348
19829582,146485,0.007387195554601201,157328007834,500442334,0.003180885214843799
18555375,170059,0.009164945467283738,147042423762,635466916,0.004321656973150513
20619366,127000,0.006159258242954706,163988483080,383987985,0.0023415545883955498
20215542,117595,0.00581705897373417,160569881240,219504604,0.0013670347284613835
26827900,132262,0.004930016885406611,214733409987,294328224,0.0013706680484318612
22355698,161661,0.00723131078260227,178344842359,543615658,0.003048115385953952
18973876,140185,0.007388316440984435,150252404447,506880160,0.003373524449512532
18004182,152222,0.008454813442787904,142448175897,273397015,0.0019192735412609649
18346042,157707,0.008596241085679407,145599792522,229313246,0.0015749558569278248
18268167,105614,0.0057813134727748,144734570608,154031022,0.0010642310358399347
17089007,183996,0.010766921682459372,135195780018,342959774,0.0025367638986537764
17549918,151516,0.008633430651926692,138719263189,225847919,0.0016280934154926294
18063404,173535,0.009606993233390562,142911423723,289323400,0.0020244945607762257
17799267,174154,0.009784335501006868,140398484561,291274571,0.002074627599512641
18309432,146561,0.008004672127458678,145181649931,298387973,0.002055273329252105
Trace: hadoopKMeans; beginning 3 sim with cache size 32
java CacheSim newTopology.txt hadoopKMeans 3 32
81484927,721990,0.008860411693073002,647040577972,2750855838,0.0042514425395419955
121835941,1025166,0.00841431511576703,968749397747,4497554053,0.004642639328044865
110590998,842146,0.0076149597637232645,876396443482,1619885372,0.0018483477244203015
19661807,177223,0.00901356625054859,156843801861,922915269,0.0058842954458469265
19829582,183349,0.009246236254500977,157328007834,802432222,0.005100377441038106
18555375,233547,0.012586487742769952,147042423762,1155560612,0.007858688550117808
20619366,159768,0.007748443865829823,163988483080,652423441,0.003978471102032954
20215542,119643,0.005918367165223668,160569881240,236281820,0.0014715201766066898
26827900,146598,0.00546438595641105,214733409987,411768736,0.001917581134789079
22355698,212861,0.00952155463900076,178344842359,963046058,0.005399909777381913
18973876,193433,0.010194701388372097,150252404447,943087776,0.00627669007674792
18004182,168534,0.009360825168285902,142448175897,322830466,0.0022663011580676823
18346042,170908,0.009315796835088461,145599792522,278419074,0.0019122216397247347
18268167,125596,0.006875128741706817,144734570608,211618480,0.0014621142627572288
17089007,183996,0.010766921682459372,135195780018,342959774,0.0025367638986537764
17549918,156010,0.008889500224445493,138719263189,237936863,0.0017152402451548463
18063404,186160,0.010305920190900895,142911423723,352288185,0.002465080648016126
17799267,177078,0.009948611928794596,140398484561,304575231,0.0021693626676409666
18309432,175580,0.009589592948596112,145181649931,400731347,0.002760206590780958
Trace: hadoopKMeans; beginning 3 sim with cache size 64
java CacheSim newTopology.txt hadoopKMeans 3 64
81484927,961644,0.011801495508488337,647040577972,4670616239,0.0072184286395746205
121835941,1448659,0.01189024345451561,968749397747,7631861901,0.007878055892214499
110590998,1041297,0.009415748287215926,876396443482,2587323032,0.002952229041140718
19661807,277606,0.014119048162765508,156843801861,1680907993,0.010717082683890017
19829582,277156,0.013976895730832854,157328007834,1403470887,0.008920667758539414
18555375,373786,0.020144351704021072,147042423762,2118956755,0.014410512971614928
20619366,229711,0.011140546222420224,163988483080,1125197916,0.006861444748233231
20215542,123739,0.006120983548202665,160569881240,269836252,0.0016804910728973022
26827900,188450,0.00702440369913411,214733409987,674418427,0.003140724245197007
22355698,337115,0.015079600735347204,178344842359,1783114720,0.009998128885671231
18973876,305370,0.01609423398782621,150252404447,1694762362,0.011279435881492399
18004182,172630,0.009588327867381034,142448175897,356384898,0.0025018565225973215
18346042,175004,0.009539060250706936,145599792522,311973506,0.0021426782318584767
18268167,125596,0.006875128741706817,144734570608,211618480,0.0014621142627572288
17089007,183996,0.010766921682459372,135195780018,342959774,0.0025367638986537764
17549918,156010,0.008889500224445493,138719263189,237936863,0.0017152402451548463
18063404,194352,0.010759433825429581,142911423723,419397049,0.0029346642701769034
17799267,177078,0.009948611928794596,140398484561,304575231,0.0021693626676409666
18309432,183772,0.010037012617322046,145181649931,467840211,0.003222447266733426
Trace: hadoopKMeans; beginning 3 sim with cache size 128
java CacheSim newTopology.txt hadoopKMeans 3 128
81484927,1223712,0.015017648601440116,647040577972,5545997556,0.008571328823584225
121835941,1684861,0.013828932465831244,968749397747,8468733902,0.008741924301264657
110590998,1506854,0.013625467056550118,876396443482,5965066869,0.006806356773083499
19661807,390739,0.019872995396608258,156843801861,2577478505,0.016433410019506184
19829582,455743,0.022982985723047515,157328007834,2047132620,0.013011876576737509
18555375,412337,0.02222197072276901,147042423762,2251719526,0.01531340050300442
20619366,229711,0.011140546222420224,163988483080,1125197916,0.006861444748233231
20215542,131931,0.006526216314160659,160569881240,336945116,0.0020984328654785273
26827900,380897,0.014197794087498463,214733409987,1485648221,0.006918570431540864
22355698,439745,0.019670376652967846,178344842359,2190795698,0.012284042919447194
18973876,356907,0.018810442315528992,150252404447,1876099792,0.01248632125991551
18004182,180822,0.010043333265571299,142448175897,423493762,0.0029729672516566
18346042,183196,0.009985587081943888,145599792522,379082370,0.0026035914161259602
18268167,125596,0.006875128741706817,144734570608,211618480,0.0014621142627572288
17089007,183996,0.010766921682459372,135195780018,342959774,0.0025367638986537764
17549918,156010,0.008889500224445493,138719263189,237936863,0.0017152402451548463
18063404,210736,0.011666461094486952,142911423723,553614777,0.0038738315144984585
17799267,177078,0.009948611928794596,140398484561,304575231,0.0021693626676409666
18309432,200156,0.01093185195477391,145181649931,602057939,0.004146928618638361
Trace: hadoopKMeans; beginning 3 sim with cache size 256
java CacheSim newTopology.txt hadoopKMeans 3 256
81484927,1225843,0.015043800677393993,647040577972,5551909492,0.008580465709586847
121835941,1909089,0.01566934177493651,968749397747,10219326946,0.010548989212036541
110590998,1664439,0.015050402203622396,876396443482,6441799055,0.007350325418261816
19661807,524927,0.026697800461575074,156843801861,3556854619,0.02267768682470601
19829582,500928,0.02526165201061727,157328007834,2209187268,0.014041919798100785
18555375,413699,0.02229537263461396,147042423762,2260386878,0.015372345070009306
20619366,556200,0.026974641218357538,163988483080,3625881226,0.022110584584352506
20215542,136399,0.006747234380359428,160569881240,355721179,0.0022153667689914524
26827900,396850,0.014792436232429672,214733409987,1616335197,0.007527171468556538
22355698,444087,0.019864600067508516,178344842359,2203487036,0.01235520470821624
18973876,390063,0.02055789760616123,150252404447,2061350324,0.013719250161664602
18004182,316710,0.017590913044535986,142448175897,1033249831,0.007253513949852976
18346042,238721,0.01301212544918408,145599792522,517894263,0.0035569711606680114
18268167,333874,0.018276272600310693,144734570608,1644049387,0.011359064942768605
17089007,271024,0.015859552284108725,135195780018,636260160,0.004706213166677896
17549918,195917,0.01116341398290294,138719263189,360114976,0.0025959983330459038
18063404,217440,0.012037598228993826,142911423723,604406340,0.004229237413319028
17799267,224888,0.012634677596554959,140398484561,473061075,0.003369417244631765
18309432,211694,0.011562018963777796,145181649931,668813633,0.004606736686887529
Trace: hadoopKMeans; beginning 3 sim with cache size 512
java CacheSim newTopology.txt hadoopKMeans 3 512

81484927,1289325,0.01582286500667786,647040577972,5771514688,0.008919865128226559
121835941,2432067,0.019961818984104207,968749397747,14165719076,0.014622686846510474
110590998,1762072,0.015933231744594618,876396443482,6787551242,0.00774484115320284
19661807,861307,0.04380609574694737,156843801861,6092161798,0.038842222170813415
19829582,533470,0.026902735519084568,157328007834,2313895203,0.014707458861625186
18555375,453795,0.024456255936622137,147042423762,2384313496,0.016215140059573578
20619366,677084,0.03283728510372239,163988483080,4054502863,0.024724314700941864
20215542,305356,0.01510501177757193,160569881240,1306663335,0.008137661464960302
26827900,404434,0.01507512701329586,214733409987,1650012374,0.007684003966126613
22355698,461250,0.020632323803980532,178344842359,2337206859,0.013104987102992918
18973876,453201,0.023885525551026052,150252404447,2528745310,0.016829982317467598
18004182,539593,0.029970425759970654,142448175897,1959090526,0.013753005355551618
18346042,252837,0.013781555716486423,145599792522,634747915,0.004359538595524373
18268167,413771,0.022649836735125096,144734570608,1940858601,0.01340977896881757
17089007,407035,0.023818528484422764,135195780018,1372094525,0.010148944921337923
17549918,266672,0.015195056751832118,138719263189,589030689,0.0042462068746535
18063404,376660,0.020852105173532077,142911423723,1567197469,0.010966215493294936
17799267,376894,0.021174692193785285,140398484561,1125825778,0.008018788675107486
18309432,352483,0.019251443736758193,145181649931,1445637879,0.009957442140153825
Trace: hadoopKMeans; beginning 3 sim with cache size 1024
java CacheSim newTopology.txt hadoopKMeans 3 1024
81484927,1425953,0.017499592286558716,647040577972,6367407191,0.009840815874264292
121835941,4043906,0.03319140449697024,968749397747,25537687901,0.02636150067333457
110590998,2032863,0.018381812595632784,876396443482,7988147651,0.009114765024904013
19661807,1393623,0.07087970093491407,156843801861,9412169593,0.06000982813041835
19829582,690535,0.03482347736830761,157328007834,3322260717,0.021116778650787885
18555375,744479,0.04012201316330174,147042423762,3492687887,0.023752926520397927
20619366,848786,0.04116450525200435,163988483080,4605793558,0.028086079409327263
20215542,710391,0.03514083372090642,160569881240,3314657470,0.020643083524771746
26827900,450650,0.01679781123382747,214733409987,1825093908,0.008499347670725722
22355698,970330,0.0434041468980302,178344842359,5476110159,0.030705178162522027
18973876,747655,0.03940444219199071,150252404447,3537953295,0.023546733298687256
18004182,645703,0.03586405647310164,142448175897,2296042276,0.01611843929584749
18346042,491282,0.026778637048797772,145599792522,1875377885,0.012880360971095697
18268167,807152,0.04418352426929314,144734570608,4005207749,0.0276727787437027
17089007,751873,0.043997465739232244,135195780018,3181201857,0.02353033398362326
17549918,472285,0.026910951948607396,138719263189,1729539684,0.012467912849591513
18063404,578204,0.03200969208240042,142911423723,2772218868,0.019398161433009656
17799267,1058791,0.05948509003207829,140398484561,5392953379,0.038411763459290635
18309432,820162,0.044794508098339694,145181649931,3986311385,0.027457405167213355
Trace: hadoopKMeans; beginning 3 sim with cache size 2048
java CacheSim newTopology.txt hadoopKMeans 3 2048
81484927,3639870,0.04466924293863576,647040577972,22139295613,0.03421623985684257
121835941,7707718,0.06326308917333351,968749397747,51727528633,0.05339619178427529
110590998,2461189,0.022254876477378383,876396443482,10040515144,0.01145659047189666
19661807,1567621,0.07972924360411024,156843801861,10180525177,0.06490868657992814
19829582,1079360,0.05443180799272521,157328007834,5581250500,0.03547525057260556
18555375,1236243,0.06662452254400679,147042423762,6833326800,0.04647180470216058
20619366,1266517,0.06142366355978161,163988483080,7295680693,0.04448898212834179
20215542,901152,0.04457718719587137,160569881240,4366597879,0.02719437696085326
26827900,681332,0.025396397034430574,214733409987,3042967865,0.014170910177341392
22355698,1131162,0.05059837541194196,178344842359,6360441299,0.03566372436045402
18973876,1118357,0.058941936797731784,150252404447,5867976099,0.03905412442880319
18004182,812364,0.04512085025579057,142448175897,3358545593,0.023577315552488813
18346042,783067,0.04268315748977354,145599792522,3601100836,0.02473287065608886
18268167,1191634,0.06523008028117983,144734570608,6707920886,0.04634636257130146
17089007,944638,0.0552775243172409,135195780018,4424874173,0.03272938084613936
17549918,680307,0.038764112744002564,138719263189,2572948123,0.018547879103815963
18063404,1219534,0.0675140743129036,142911423723,6775495973,0.04741045744623395
17799267,1724220,0.09687028123124396,140398484561,10333246828,0.07359941854294329
18309432,1059920,0.057889288974120004,145181649931,5702305450,0.039277039851180334
navdeep@italic:~/Documents/simulator/src$ 
navdeep@italic:~/Documents/simulator/src$ exit

Script done on Fri 06 Jan 2017 02:43:23 AM MST
