Script started on Thu 05 Jan 2017 11:07:06 PM MST
navdeep@italic:~/Documents/simulator/src$ perl cache_script.pl 
Trace: hadoop-bayes; beginning 1 sim with cache size 1
java CacheSim newTopology.txt hadoop-bayes 1 1
27480947,1140,4.148328658397398E-5,225102253081,8769815,3.8959250207257146E-5
39388672,1390,3.5289333948603295E-5,322639715559,10529401,3.263516700588749E-5
40176068,1981,4.9307961147417414E-5,329091841330,15269180,4.639792933878505E-5
6870786,779,1.1337858579789852E-4,56279232850,6015163,1.0688068574125918E-4
6946004,198,2.850559832675017E-5,56897098662,1533314,2.6948896095892815E-5
6877585,326,4.7400359283091376E-5,56332750084,2543612,4.5153343236520836E-5
6207276,435,7.007904916746089E-5,50845271689,3354658,6.597777705897784E-5
6142695,624,1.015840766959779E-4,50315935807,4761003,9.462216937119243E-5
6316198,377,5.968780586042426E-5,51736919804,2917481,5.6390697611156146E-5
6634264,435,6.556869006117333E-5,54343047146,3315502,6.10106016155563E-5
6807074,391,5.744024525074944E-5,55758452762,2999817,5.380021954347356E-5
6230112,773,1.2407481599046693E-4,51032249036,5979902,1.1717888419500304E-4
7441090,372,4.999267580421685E-5,60952440924,2915349,4.782989747096547E-5
6715848,917,1.3654269721411204E-4,55011062126,7090452,1.2889138522284273E-4
7208102,854,1.1847779068609185E-4,59043425689,6634238,1.1236201020829288E-4
7466680,284,3.803564636491721E-5,61162375043,2228413,3.643437650080334E-5
6340143,174,2.7444175943665622E-5,51933725858,1302232,2.507488108133495E-5
6684497,886,1.325455004318201E-4,54753978824,6791338,1.240336893475802E-4
6324563,1724,2.725880033134305E-4,51805382141,13333423,2.573752465276695E-4
Trace: hadoop-bayes; beginning 1 sim with cache size 8
java CacheSim newTopology.txt hadoop-bayes 1 8
27480947,2400,8.733323491362943E-5,225102253081,18951949,8.41926224220439E-5
39388672,1702,4.321039307951281E-5,322639715559,12901586,3.9987594142422715E-5
40176068,2708,6.740331084664632E-5,329091841330,20955642,6.367718481050561E-5
6870786,1304,1.8978905761291357E-4,56279232850,10208569,1.8139140288583376E-4
6946004,630,9.069963103965963E-5,56897098662,5054605,8.883765813837238E-5
6877585,2976,4.327100283020857E-4,56332750084,24062734,4.271535468110309E-4
6207276,460,7.410658072880922E-5,50845271689,3545885,6.973873640972453E-5
6142695,1051,1.7109753943505253E-4,50315935807,8222070,1.6340886576248748E-4
6316198,604,9.56271478506532E-5,51736919804,4692072,9.069098078848591E-5
6634264,897,1.3520716088476431E-4,54343047146,7089001,1.3044908911630284E-4
6807074,808,1.187000464516766E-4,55758452762,6361863,1.1409683527545225E-4
6230112,844,1.3547107981365343E-4,51032249036,6523202,1.2782509341099774E-4
7441090,406,5.456189886159152E-5,60952440924,3181894,5.2202897074580166E-5
6715848,978,1.4562569015856225E-4,55011062126,7556969,1.373718068320723E-4
7208102,1263,1.7521949606151522E-4,59043425689,9955508,1.6861331949874898E-4
7466680,364,4.874991294658402E-5,61162375043,2855442,4.668625111422653E-5
6340143,534,8.422522962021519E-5,51933725858,4236378,8.157277241350512E-5
6684497,997,1.4915108795770274E-4,54753978824,7576945,1.3838163294680679E-4
6324563,2649,4.1884316750422123E-4,51805382141,20856947,4.0260193319746444E-4
Trace: hadoop-bayes; beginning 1 sim with cache size 16
java CacheSim newTopology.txt hadoop-bayes 1 16
27480947,2400,8.733323491362943E-5,225102253081,18951949,8.41926224220439E-5
39388672,1734,4.4022809400631737E-5,322639715559,13144457,4.074035639792869E-5
40176068,2731,6.797579096092729E-5,329091841330,21136908,6.422799153748926E-5
6870786,1332,1.9386428277638103E-4,56279232850,10423734,1.8521457155932074E-4
6946004,630,9.069963103965963E-5,56897098662,5054605,8.883765813837238E-5
6877585,2987,4.343094269282023E-4,56332750084,24141255,4.2854742514792933E-4
6207276,463,7.458988451617103E-5,50845271689,3569970,7.02124284404667E-5
6142695,1051,1.7109753943505253E-4,50315935807,8222070,1.6340886576248748E-4
6316198,653,1.0338497938158367E-4,51736919804,5088360,9.835065595858293E-5
6634264,897,1.3520716088476431E-4,54343047146,7089001,1.3044908911630284E-4
6807074,822,1.207567304248492E-4,55758452762,6469129,1.1602059740812577E-4
6230112,861,1.3819976270089526E-4,51032249036,6655620,1.3041988400912694E-4
7441090,406,5.456189886159152E-5,60952440924,3181894,5.2202897074580166E-5
6715848,998,1.4860372063215248E-4,55011062126,7714020,1.402267053548509E-4
7208102,1264,1.7535822883749425E-4,59043425689,9963700,1.6875206483583612E-4
7466680,364,4.874991294658402E-5,61162375043,2855442,4.668625111422653E-5
6340143,537,8.469840506751978E-5,51933725858,4260954,8.204599091639469E-5
6684497,999,1.4945028773294386E-4,54753978824,7593329,1.3868086234258576E-4
6324563,2653,4.194756222682895E-4,51805382141,20889334,4.0322709990141525E-4
Trace: hadoop-bayes; beginning 1 sim with cache size 32
java CacheSim newTopology.txt hadoop-bayes 1 32
27480947,2441,8.882517767673727E-5,225102253081,19268901,8.560065808433444E-5
39388672,1836,4.661238642419831E-5,322639715559,13945168,4.322210604431895E-5
40176068,2766,6.884695635222441E-5,329091841330,21404271,6.504041824159555E-5
6870786,1332,1.9386428277638103E-4,56279232850,10423734,1.8521457155932074E-4
6946004,639,9.199534005451192E-5,56897098662,5120920,9.000318329799339E-5
6877585,2994,4.3532722605391284E-4,56332750084,24198599,4.2956537651573035E-4
6207276,463,7.458988451617103E-5,50845271689,3569970,7.02124284404667E-5
6142695,1056,1.71911514408578E-4,50315935807,8263030,1.6422292197237518E-4
6316198,681,1.078180259706868E-4,51736919804,5302892,1.0249724993465906E-4
6634264,897,1.3520716088476431E-4,54343047146,7089001,1.3044908911630284E-4
6807074,828,1.2163816641335176E-4,55758452762,6513651,1.168190772402337E-4
6230112,861,1.3819976270089526E-4,51032249036,6655620,1.3041988400912694E-4
7441090,436,5.859356626515739E-5,60952440924,3418010,5.60766713881373E-5
6715848,1035,1.541130770082944E-4,55011062126,7995119,1.453365685193933E-4
7208102,1285,1.782716171330539E-4,59043425689,10124476,1.7147507756966457E-4
7466680,374,5.008919626929238E-5,61162375043,2937362,4.802563664237855E-5
6340143,543,8.564475596212894E-5,51933725858,4306113,8.291554146864038E-5
6684497,1014,1.5169428604725233E-4,54753978824,7697732,1.4058762788259503E-4
6324563,2685,4.245352603808358E-4,51805382141,21135034,4.07969850361807E-4
Trace: hadoop-bayes; beginning 1 sim with cache size 64
java CacheSim newTopology.txt hadoop-bayes 1 64
27480947,150396,0.0054727371658625885,225102253081,1231057566,0.005468881582260399
39388672,143853,0.003652141407560021,322639715559,1176978451,0.00364796518916088
40176068,206216,0.005132806923763669,329091841330,1687665643,0.005128251238862154
6870786,110234,0.01604387038105975,56279232850,902291426,0.016032404499984224
6946004,15108,0.0021750635329320285,56897098662,123578850,0.002171971030265114
6877585,17305,0.0025161448386315836,56332750084,141387021,0.00250985476102573
6207276,83600,0.013468065541148806,50845271689,684453584,0.013461499196749823
6142695,57545,0.009368037970304565,50315935807,470943890,0.009359736283280691
6316198,86756,0.013735478210151107,51736919804,710272779,0.013728547847278024
6634264,101210,0.015255648554232995,54343047146,828728936,0.01524995338913379
6807074,72554,0.01065861778496899,55758452762,593948434,0.010652168497845808
6230112,41765,0.006703731810920895,51032249036,341603700,0.006693878997161586
7441090,85881,0.011541454276188032,60952440924,703254346,0.011537755261956932
6715848,22790,0.0033934657246560674,55011062126,186094593,0.0033828576618600806
7208102,115351,0.016002964441957118,59043425689,944439971,0.015995683854366068
7466680,48799,0.0065355686864844885,61162375043,399585791,0.006533196114753107
6340143,51389,0.00810533768717835,51933725858,420776613,0.008102184198193486
6684497,36927,0.005524275050164582,54753978824,301760489,0.0055112065913962595
6324563,48839,0.007722114555582734,51805382141,399155342,0.007704901025797068
Trace: hadoop-bayes; beginning 1 sim with cache size 128
java CacheSim newTopology.txt hadoop-bayes 1 128
27480947,214579,0.007808282589388204,225102253081,1756566352,0.007803415238886674
39388672,207697,0.005273013520232416,322639715559,1699586726,0.005267754228754279
40176068,275479,0.0068567934522611815,329091841330,2254666540,0.006851177260693958
6870786,146312,0.021294798004187585,56279232850,1197634079,0.021280213292743915
6946004,29532,0.004251653180735283,56897098662,241697866,0.0042479822641892165
6877585,17795,0.002587390777431322,56332750084,145331915,0.002579883190209777
6207276,146910,0.02366738646710731,50845271689,1202929408,0.023658628777870113
6142695,78920,0.012847780982125924,50315935807,645979127,0.012838459955864138
6316198,115689,0.01831624024452685,51736919804,947116671,0.01830639849817218
6634264,137024,0.020653986636648768,54343047146,1122022126,0.020647022663001113
6807074,87078,0.012792280501137494,55758452762,712862275,0.012784828840979309
6230112,49108,0.007882362307451294,51032249036,401653562,0.007870583201548868
7441090,128950,0.017329450389660654,60952440924,1056006371,0.01732508747790276
6715848,30151,0.004489529840460952,55011062126,246275959,0.00447684428335373
7208102,137070,0.01901610160344568,59043425689,1122267030,0.01900748503163295
7466680,70596,0.009454804544991884,61162375043,578108952,0.009452035693407303
6340143,72987,0.01151188545747312,51933725858,597656717,0.011508065464706793
6684497,65950,0.009866112588576224,54753978824,539327967,0.009850023296637566
6324563,55543,0.008782108740161177,51805382141,454006616,0.008763695918009424
Trace: hadoop-bayes; beginning 1 sim with cache size 256
java CacheSim newTopology.txt hadoop-bayes 1 256
27480947,368651,0.013414785160060168,225102253081,3017981311,0.01340715727938103
39388672,471163,0.011961890972104873,322639715559,3856745461,0.011953721984653592
40176068,598327,0.014892622145103895,329091841330,4898164076,0.014883881825220695
6870786,313785,0.04566944742566571,56279232850,2568892461,0.04564547757512654
6946004,58427,0.008411598956752689,56897098662,478171680,0.008404148739474437
6877585,36656,0.005329777821720851,56332750084,299488183,0.005316413321796313
6207276,244746,0.03942888958055031,50845271689,2004176559,0.039417166875589514
6142695,135590,0.022073373332063533,50315935807,1110005571,0.022060716017639384
6316198,201208,0.03185587278929508,51736919804,1647251545,0.03183899527147041
6634264,224882,0.03389705323755582,54343047146,1841578774,0.03388802930119741
6807074,187325,0.027519166091039996,55758452762,1533894343,0.02750962889065971
6230112,91457,0.01467983240108685,51032249036,748318748,0.014663644306017335
7441090,222767,0.029937415083005313,60952440924,1824262456,0.029929276471054294
6715848,68384,0.010182481795299715,55011062126,559161542,0.010164529103605914
7208102,208691,0.028952281751839806,59043425689,1708754075,0.02894063234068661
7466680,191578,0.02565772203978207,61162375043,1568951510,0.025652233238113366
6340143,256359,0.040434261498518254,51933725858,2099623853,0.04042890854280136
6684497,131139,0.019618379662673196,54753978824,1073071750,0.01959805977661018
6324563,105075,0.01661379608361874,51805382141,859457661,0.016590122984920613
Trace: hadoop-bayes; beginning 1 sim with cache size 512
java CacheSim newTopology.txt hadoop-bayes 1 512
27480947,676857,0.024630046409972697,225102253081,5541827540,0.02461915624632086
39388672,844461,0.02143918434213776,322639715559,6913386403,0.021427574069801003
40176068,979815,0.02438802622496557,329091841330,8021839295,0.02437568571308343
6870786,523677,0.07621791742604121,56279232850,4287733448,0.0761867785125646
6946004,144044,0.020737678815042432,56897098662,1179298505,0.020726865389141907
6877585,111912,0.016271990822359885,56332750084,915584200,0.016253142242030366
6207276,386894,0.06232911183585199,50845271689,3168416700,0.062314874023683575
6142695,165332,0.0269152220645824,50315935807,1353410580,0.026898249198650744
6316198,258980,0.04100251448735458,51736919804,2120078488,0.040978057758979454
6634264,282618,0.042599751833813065,54343047146,2314382017,0.04258837401557733
6807074,254339,0.03736392464662497,55758452762,2082635678,0.0373510306480265
6230112,173771,0.027892114941111813,51032249036,1422378959,0.027872158994924998
7441090,363905,0.04890479754982133,60952440924,2980173438,0.048893422360490865
6715848,103421,0.015399544480458759,55011062126,845913522,0.015377153054461641
7208102,363778,0.05046793178009967,59043425689,2978949880,0.050453540681922
7466680,332002,0.04446447417058184,61162375043,2719071863,0.044456610147797004
6340143,343687,0.05420808331925636,51933725858,2814737385,0.054198641412638235
6684497,243828,0.036476641398746984,54753978824,1995879176,0.036451765129535345
6324563,243091,0.03843601526303082,51805382141,1989743395,0.038408043967023846
Trace: hadoop-bayes; beginning 1 sim with cache size 1024
java CacheSim newTopology.txt hadoop-bayes 1 1024
27480947,1037811,0.03776474660789528,225102253081,8497766548,0.037750695213797765
39388672,1484580,0.037690531937710416,322639715559,12155224829,0.0376742981190027
40176068,1658922,0.041291298093183236,329091841330,13583261593,0.04127498736554594
6870786,592949,0.08630002448045973,56279232850,4855040084,0.08626699118198801
6946004,192183,0.027668138400150647,56897098662,1573425907,0.02765388647226133
6877585,127507,0.01853950187456789,56332750084,1043165845,0.018517928619577316
6207276,437075,0.0704133342870528,50845271689,3579356366,0.07039703490805355
6142695,236821,0.03855327344105478,50315935807,1938857672,0.03853367011670017
6316198,316379,0.05009010167192352,51736919804,2590062737,0.050062175073664734
6634264,388659,0.05858358967927716,54343047146,3182843038,0.05856946205921907
6807074,296436,0.04354822644795693,55758452762,2427334842,0.04353303798369124
6230112,189026,0.030340706555516177,51032249036,1547216335,0.030318403837317407
7441090,465167,0.06251328770381759,60952440924,3809508389,0.06249968551300474
6715848,151518,0.022561261064872225,55011062126,1239704179,0.02253554341780425
7208102,431714,0.05989288164901107,59043425689,3535299453,0.059876259071103305
7466680,451901,0.06052234728152271,61162375043,3701033602,0.06051160700345598
6340143,376359,0.05936127939070144,51933725858,3082156834,0.05934788585027386
6684497,325017,0.04862250667477298,54753978824,2660813161,0.04859579555949459
6324563,298775,0.04724041803362541,51805382141,2445685543,0.04720910148570117
Trace: hadoop-bayes; beginning 1 sim with cache size 2048
java CacheSim newTopology.txt hadoop-bayes 1 2048
27480947,1452656,0.05286047820695553,225102253081,11894674669,0.05284120663474595
39388672,2134703,0.05419586118567288,322639715559,17478964961,0.05417487097245994
40176068,2248565,0.05596777165948644,329091841330,18411661729,0.055946879918355466
6870786,619341,0.0901412152845395,56279232850,5071066865,0.09010547244870627
6946004,237979,0.03426128173839232,56897098662,1948440648,0.03424499128812889
6877585,162936,0.023690874049539193,56332750084,1333239542,0.023667219157807024
6207276,467677,0.07534335512066807,50845271689,3829873945,0.0753240924431635
6142695,247871,0.04035215813254606,50315935807,2029198817,0.04032914790223768
6316198,389640,0.06168900974921939,51736919804,3190096852,0.06165996862753627
6634264,431518,0.06504383907544228,54343047146,3533783064,0.0650273263938625
6807074,335939,0.049351454090259636,55758452762,2750762059,0.04933354357484386
6230112,249490,0.04004582903164502,51032249036,2042399690,0.04002174563302544
7441090,490687,0.06594289277511763,60952440924,4018417963,0.06592710483917223
6715848,237825,0.035412504869079826,55011062126,1946546866,0.035384644301932125
7208102,509906,0.07074067486836341,59043425689,4175587758,0.07072062146248277
7466680,501959,0.06722653173833618,61162375043,4110950452,0.06721371511668424
6340143,397907,0.06275994090354113,51933725858,3258573955,0.06274485223551587
6684497,365646,0.054700600508908896,54753978824,2993444911,0.05467081982520511
6324563,362532,0.057321272631800806,51805382141,2967809440,0.057287666210480585
Trace: hadoop-terasort-sort; beginning 1 sim with cache size 1
java CacheSim newTopology.txt hadoop-terasort-sort 1 1
128225309,125177,9.762269319234006E-4,1050381730539,1014611299,9.659453030274579E-4
184766899,162062,8.771159816889063E-4,1513549886002,1314316809,8.683670232183304E-4
184847809,144748,7.830658138880078E-4,1514218070458,1174246333,7.754803326609555E-4
26131218,56818,0.0021743341623034944,214051877686,460779884,0.0021526551833193153
31295416,11244,3.592858455692041E-4,256364628547,91202226,3.5575198699176107E-4
31031446,38514,0.0012411281124314994,254198553512,312327550,0.0012286755596555977
33291870,16631,4.995513919764796E-4,272718307744,134870094,4.945399343215426E-4
32837659,34718,0.001057261725021263,268994958659,281261267,0.0010456005138614875
29560145,39882,0.001349181473906843,242145625905,323356616,0.001335380784977967
32779197,36960,0.0011275443995775736,268516927615,299849516,0.0011166875722260785
31526775,19905,6.313680990205944E-4,258258305575,161288006,6.245220483457437E-4
32740894,39957,0.001220400395908554,268202304801,323774349,0.0012072019636081546
31030814,15162,4.886110947653516E-4,254196674394,122909070,4.8351958298830175E-4
30403744,65206,0.002144670077474669,249054542612,528821387,0.002123315565554034
29605413,14703,4.966321530457961E-4,242520245480,119201094,4.91509868646534E-4
30809970,31765,0.0010309974336229473,252385382623,257443729,0.001020042152696917
31828795,19582,6.152290716629392E-4,260732602625,158829322,6.091655604283484E-4
28679558,11570,4.034232326732511E-4,234935842097,93802244,3.9926749006339804E-4
33424104,13408,4.01147626874306E-4,273802917220,108609144,3.966690534298903E-4
Trace: hadoop-terasort-sort; beginning 1 sim with cache size 8
java CacheSim newTopology.txt hadoop-terasort-sort 1 8
128225309,146138,0.00113969700006728,1050381730539,1184077838,0.0011272833519223476
184766899,183621,9.937981369704104E-4,1513549886002,1489158359,9.83884556942864E-4
184847809,164207,8.883361987806953E-4,1514218070458,1331872970,8.795780449226533E-4
26131218,72522,0.0027753011742506608,214051877686,587900414,0.00274653238437091
31295416,12492,3.991638903282193E-4,256364628547,101324774,3.9523695048836996E-4
31031446,46107,0.0014858153886866889,254198553512,373835412,0.0014706433488117874
33291870,18493,5.554809627695891E-4,272718307744,149933299,5.497735016042341E-4
32837659,41654,0.0012684826284358455,268994958659,337466203,0.001254544712221911
29560145,46638,0.001577732450229862,242145625905,377919082,0.0015607099264649425
32779197,41650,0.0012706229502815458,268516927615,337780127,0.001257947236325859
31526775,21766,6.90397289288232E-4,258258305575,176358327,6.828757224568111E-4
32740894,47847,0.0014613834307639858,268202304801,387726006,0.0014456475543253957
31030814,16753,5.398827114235547E-4,254196674394,135749627,5.340338433758998E-4
30403744,72326,0.002378851762467149,249054542612,586310066,0.0023541432324461053
29605413,16817,5.680380138591547E-4,242520245480,136315590,5.620792182945468E-4
30809970,38178,0.001239144341912699,252385382623,309278935,0.0012254233259696525
31828795,21962,6.900041299081539E-4,260732602625,178093218,6.830492857701554E-4
28679558,13552,4.7253168964458937E-4,234935842097,109870983,4.6766377586029045E-4
33424104,14854,4.4440981873440795E-4,273802917220,120317615,4.394314575667033E-4
Trace: hadoop-terasort-sort; beginning 1 sim with cache size 16
java CacheSim newTopology.txt hadoop-terasort-sort 1 16
128225309,149907,0.0011690905732190515,1050381730539,1214565389,0.0011563085625801485
184766899,187585,0.00101525219622807,1513549886002,1521310911,0.0010051276968600622
184847809,167654,9.069839718792664E-4,1514218070458,1359846068,8.980516707139101E-4
26131218,73366,0.0028075997069864863,214051877686,594701051,0.002778303360049881
31295416,12931,4.13191503829187E-4,256364628547,104886246,4.0912916338913316E-4
31031446,46981,0.0015139803668833222,254198553512,380936340,0.001498577921616761
33291870,18688,5.613382486474927E-4,272718307744,151517427,5.555821618775555E-4
32837659,42414,0.0012916267874028414,268994958659,343635291,0.0012774785546654805
29560145,47594,0.001610073292942237,242145625905,385671203,0.0015927242193972515
32779197,42780,0.0013050960339266394,268516927615,346955426,0.0012921175178105166
31526775,22091,7.007059872124567E-4,258258305575,179000247,6.931054805825677E-4
32740894,48560,0.0014831604781469926,268202304801,393521846,0.0014672575103035906
31030814,16964,5.466824041418959E-4,254196674394,137463291,5.407753320444095E-4
30403744,73091,0.0024040131373294026,249054542612,592508164,0.0023790297409795234
29605413,17152,5.793535121432017E-4,242520245480,139014124,5.732062645939558E-4
30809970,39058,0.001267706524868411,252385382623,316419050,0.0012537138510618506
31828795,22140,6.955965502306951E-4,260732602625,179532844,6.885707510012242E-4
28679558,13915,4.8518878847435515E-4,234935842097,112826969,4.80245874758506E-4
33424104,15033,4.497652352924704E-4,273802917220,121770671,4.4473839883217006E-4
Trace: hadoop-terasort-sort; beginning 1 sim with cache size 32
java CacheSim newTopology.txt hadoop-terasort-sort 1 32
128225309,153305,0.0011955908018127686,1050381730539,1242009072,0.001182435904861623
184766899,190668,0.0010319380854034899,1513549886002,1546367191,0.0010216823411646418
184847809,170681,9.233596055228332E-4,1514218070458,1384356853,9.142387612513953E-4
26131218,74332,0.002844566984975595,214051877686,602484213,0.0028146644613125265
31295416,13402,4.2824163129833457E-4,256364628547,108720102,4.240838629579824E-4
31031446,47732,0.0015381816238920997,254198553512,387016967,0.0015224986989618335
33291870,18891,5.674358334332076E-4,272718307744,153154803,5.615860712356943E-4
32837659,42810,0.001303686112338276,268994958659,346837434,0.0012893826550841776
29560145,48084,0.0016266496662989982,242145625905,389632550,0.0016090835774702902
32779197,43185,0.0013174514311622705,268516927615,350199806,0.0013042001080174619
31526775,22424,7.1126843770097E-4,258258305575,181712311,7.036068427515857E-4
32740894,49516,0.0015123594364894251,268202304801,401293494,0.0014962343231828326
31030814,17248,5.558345971845921E-4,254196674394,139754491,5.497888252597011E-4
30403744,73743,0.002425457864662984,249054542612,597803127,0.0024002899956388772
29605413,17339,5.856699246181771E-4,242520245480,140525036,5.79436309417676E-4
30809970,39446,0.0012802998509897933,252385382623,319573482,0.0012662123244964708
31828795,22359,7.024771123129229E-4,260732602625,181313068,6.953985277429016E-4
28679558,14093,4.913952997462513E-4,234935842097,114261916,4.863536997169793E-4
33424104,15244,4.560780447547674E-4,273802917220,123462362,4.509168976486773E-4
Trace: hadoop-terasort-sort; beginning 1 sim with cache size 64
java CacheSim newTopology.txt hadoop-terasort-sort 1 64
128225309,154482,0.0012047699569201272,1050381730539,1251529808,0.001191499977210934
184766899,191608,0.001037025576751169,1513549886002,1554001571,0.0010267263638761535
184847809,171832,9.29586349600714E-4,1514218070458,1393650822,9.203765621278496E-4
26131218,74571,0.002853713133463584,214051877686,604417028,0.0028236941181456953
31295416,13483,4.3082986978028987E-4,256364628547,109375974,4.266422190140315E-4
31031446,48256,0.0015550677206598751,254198553512,391257909,0.0015391822793418446
33291870,19038,5.718513258642426E-4,272718307744,154349811,5.659679112738108E-4
32837659,43265,0.0013175421548777275,268994958659,350498564,0.0013029930588562466
29560145,48278,0.0016332125569749403,242145625905,391191947,0.0016155234914442549
32779197,43575,0.0013293492210928778,268516927615,353363966,0.0013159839461095496
31526775,22536,7.148209736010106E-4,258258305575,182609924,7.070824831496806E-4
32740894,49727,0.0015188039764583094,268202304801,402995084,0.0015025787503914747
31030814,17272,5.566080219487635E-4,254196674394,139948027,5.505501884854844E-4
30403744,73953,0.002432364908742818,249054542612,599490514,0.0024070651661790457
29605413,17339,5.856699246181771E-4,242520245480,140525036,5.79436309417676E-4
30809970,40034,0.0012993845823283826,252385382623,324334449,0.001285076202231861
31828795,22505,7.070641537010747E-4,260732602625,182506540,6.99975906973517E-4
28679558,14118,4.92267000767585E-4,234935842097,114455666,4.871783929535268E-4
33424104,15325,4.585014455436113E-4,273802917220,124121818,4.533254037621097E-4
Trace: hadoop-terasort-sort; beginning 1 sim with cache size 128
java CacheSim newTopology.txt hadoop-terasort-sort 1 128
128225309,154580,0.0012055342366147077,1050381730539,1252308691,0.0011922415009611618
184766899,191794,0.001038032250571029,1513549886002,1555507363,0.001027721238253223
184847809,171896,9.299325803748098E-4,1514218070458,1394158214,9.207116472849344E-4
26131218,74668,0.002857425168623981,214051877686,605201924,0.0028273609675491442
31295416,13556,4.331624797702002E-4,256364628547,109967846,4.289509306461882E-4
31031446,48312,0.0015568723416884923,254198553512,391702325,0.0015409305819732322
33291870,19038,5.718513258642426E-4,272718307744,154349811,5.659679112738108E-4
32837659,43279,0.0013179684946481721,268994958659,350605501,0.0013033906016225985
29560145,48286,0.0016334831916419896,242145625905,391254923,0.0016157835663465564
32779197,43599,0.0013300813927809153,268516927615,353548286,0.0013166703832799625
31526775,22681,7.194202388287416E-4,258258305575,183779332,7.116105388782132E-4
32740894,49727,0.0015188039764583094,268202304801,402995084,0.0015025787503914747
31030814,17272,5.566080219487635E-4,254196674394,139948027,5.505501884854844E-4
30403744,73986,0.002433450301383935,249054542612,599756242,0.002408132113190785
29605413,17339,5.856699246181771E-4,242520245480,140525036,5.79436309417676E-4
30809970,40115,0.0013020136014413517,252385382623,324984689,0.0012876525796481843
31828795,22505,7.070641537010747E-4,260732602625,182506540,6.99975906973517E-4
28679558,14118,4.92267000767585E-4,234935842097,114455666,4.871783929535268E-4
33424104,15325,4.585014455436113E-4,273802917220,124121818,4.533254037621097E-4
Trace: hadoop-terasort-sort; beginning 1 sim with cache size 256
java CacheSim newTopology.txt hadoop-terasort-sort 1 256
128225309,160669,0.0012530209617198115,1050381730539,1301682623,0.0012392472042826238
184766899,239254,0.0012948964413804444,1513549886002,1939828438,0.0012816415606386143
184847809,210227,0.0011372977647790242,1514218070458,1704211896,0.0011254732255866775
26131218,77716,0.0029740672631486218,214051877686,629760036,0.0029420906875847006
31295416,16645,5.318670312610639E-4,256364628547,135003445,5.266071445392455E-4
31031446,53213,0.001714808907068011,254198553512,431299812,0.0016967044306160442
33291870,22545,6.771923595760767E-4,272718307744,182707099,6.699480519346237E-4
32837659,48157,0.0014665174518073898,268994958659,390018161,0.0014499088122109341
29560145,51678,0.001748232290470835,242145625905,418601529,0.0017287181109942008
32779197,48608,0.0014828917255050513,268516927615,394112470,0.0014677378945921766
31526775,26466,8.394769208077895E-4,258258305575,214382720,8.301096823302039E-4
32740894,53078,0.0016211530448740953,268202304801,429972035,0.0016031630873531435
31030814,20019,6.45132931414561E-4,254196674394,162161073,6.379354623210114E-4
30403744,77828,0.0025598163173588093,249054542612,630793692,0.0025327532089334673
29605413,19572,6.610953206428838E-4,242520245480,158667946,6.542461875129717E-4
30809970,44085,0.0014308679950029162,252385382623,357106109,0.0014149238964977077
31828795,25684,8.069422672143259E-4,260732602625,208232756,7.986448718094983E-4
28679558,16610,5.791581585741314E-4,234935842097,134582228,5.728467261476172E-4
33424104,17619,5.271345493659306E-4,273802917220,142696223,5.211639979910949E-4
Trace: hadoop-terasort-sort; beginning 1 sim with cache size 512
java CacheSim newTopology.txt hadoop-terasort-sort 1 512
128225309,164601,0.0012836857347717525,1050381730539,1333309194,0.001269356801660875
184766899,253437,0.0013716580262571815,1513549886002,2053924279,0.0013570245011384355
184847809,220468,0.0011927000984902126,1514218070458,1786445031,0.0011797805519912071
26131218,78962,0.0030217496941780516,214051877686,639784815,0.0029889240959545434
31295416,18623,5.950711759191825E-4,256364628547,150971130,5.888921995817456E-4
31031446,54674,0.001761890180689614,254198553512,443075051,0.0017430274282779648
33291870,25031,7.518652451784776E-4,272718307744,202621051,7.42968276226618E-4
32837659,50908,0.0015502932166997655,268994958659,412284364,0.001532684352358608
29560145,53864,0.0018221832132420189,242145625905,436268403,0.0018016778183354812
32779197,51248,0.0015634306111891637,268516927615,415491982,0.0015473586179107974
31526775,28354,8.993625259799012E-4,258258305575,229539712,8.887989545542034E-4
32740894,54533,0.0016655928821002872,268202304801,441711068,0.0016469324092040878
31030814,21517,6.934075271115994E-4,254196674394,174269746,6.855705190300217E-4
30403744,80538,0.0026489500766747674,249054542612,652691358,0.002620676383392944
29605413,21039,7.106470698449638E-4,242520245480,170495796,7.030167550034924E-4
30809970,45647,0.0014815658697493051,252385382623,369684241,0.0014647609031788297
31828795,27267,8.566771063749036E-4,260732602625,220985793,8.47557193750081E-4
28679558,34204,0.0011926264693479585,234935842097,278525305,0.001185537730275327
33424104,19664,5.883179396521744E-4,273802917220,159208876,5.814725336621452E-4
Trace: hadoop-terasort-sort; beginning 1 sim with cache size 1024
java CacheSim newTopology.txt hadoop-terasort-sort 1 1024
128225309,167267,0.0013044772619732973,1050381730539,1354653893,0.0012896776987018459
184766899,259314,0.0014034656716298518,1513549886002,2100777265,0.0013879801943952736
184847809,224784,0.0012160490363183043,1514218070458,1820680208,0.0012023896977066888
26131218,79570,0.0030450168836370353,214051877686,644633454,0.003011575796338656
31295416,19749,6.31050886174512E-4,256364628547,160023753,6.24203712918463E-4
31031446,55565,0.0017906029902699345,254198553512,450225775,0.0017711578951952853
33291870,26134,7.84996457092978E-4,272718307744,211350000,7.74975474687947E-4
32837659,52142,0.0015878720221803875,268994958659,422140426,0.0015693246747242565
29560145,55225,0.0018682249359737578,242145625905,447260037,0.0018470704780579918
32779197,52025,0.001587134669589374,268516927615,421656795,0.001570317367866551
31526775,29303,9.294639239186374E-4,258258305575,237186663,9.184086547455464E-4
32740894,55502,0.0016951888974076272,268202304801,449485944,0.0016759212577740835
31030814,21973,7.081025976308582E-4,254196674394,177886630,6.997992024249661E-4
30403744,82195,0.0027034499435332703,249054542612,666061006,0.00267435799007951
29605413,21763,7.351020571812324E-4,242520245480,176304322,7.269674399803432E-4
30809970,46984,0.001524960913626336,252385382623,380397479,0.0015072088369246714
31828795,27791,8.731401864255307E-4,260732602625,225105836,8.633589882265688E-4
28679558,35119,0.0012245307267287732,234935842097,285865196,0.001216779838480211
33424104,20541,6.145564889338545E-4,273802917220,166176064,6.069185298945443E-4
Trace: hadoop-terasort-sort; beginning 1 sim with cache size 2048
java CacheSim newTopology.txt hadoop-terasort-sort 1 2048
128225309,168966,0.0013177273762701557,1050381730539,1368175204,0.00130255045782063
184766899,263488,0.0014260562981034822,1513549886002,2133951431,0.001409898313055788
184847809,228422,0.001235730091883318,1514218070458,1849706069,0.001221558575404219
26131218,79809,0.003054163032125024,214051877686,646539731,0.0030204814738809776
31295416,20457,6.536740077204917E-4,256364628547,165733336,6.464750497731619E-4
31031446,55995,0.001804459901739674,254198553512,453638205,0.0017845821651325212
33291870,26567,7.980026354782714E-4,272718307744,214810422,7.876641057836206E-4
32837659,52628,0.0016026721027829662,268994958659,425968590,0.0015835560343716055
29560145,55653,0.0018827038906608883,242145625905,450668482,0.0018611464911483014
32779197,52455,0.0016002527456667106,268516927615,425086638,0.0015830906519587842
31526775,29730,9.430079670375419E-4,258258305575,240597894,9.316172560813488E-4
32740894,56002,0.001710460319134841,268202304801,453504513,0.0016909046077605112
31030814,22441,7.231843805322026E-4,254196674394,181648273,7.14597362192271E-4
30403744,82759,0.0027220002904905396,249054542612,670541482,0.0026923479289620144
29605413,22169,7.488157655493609E-4,242520245480,179529286,7.402651504193917E-4
30809970,47561,0.001543688617677979,252385382623,385030006,0.001525563810385713
31828795,28217,8.865242934895901E-4,260732602625,228527386,8.764818196851303E-4
28679558,35612,0.0012417206708694743,234935842097,289822947,0.001233625931288672
33424104,21005,6.284386860452565E-4,273802917220,169824170,6.202423689428651E-4
Trace: hadoopWordCount-sort; beginning 1 sim with cache size 1
java CacheSim newTopology.txt hadoopWordCount-sort 1 1
216591663,209244,9.660759657217277E-4,1774227896484,1699126232,9.57670790413774E-4
311510784,272055,8.733405518314255E-4,2551760361178,2209982920,8.660620932993014E-4
314876269,236747,7.518731111489383E-4,2579340178311,1922985249,7.45533786186825E-4
53532215,118971,0.0022224187809153795,438506615607,966252167,0.0022035064754096618
49658967,25689,5.173083846065506E-4,406784842559,208628353,5.128715015229226E-4
55343811,107646,0.0019450413344321374,453347513939,874215491,0.0019283562038406364
54749759,21812,3.98394447727158E-4,448492874045,177226805,3.9516080467806445E-4
52509069,32557,6.200262282311652E-4,430134071095,264499667,6.149237755722499E-4
51529185,110803,0.0021502959924555374,422099564301,899937475,0.002132050234380846
51256005,67142,0.001309934318915413,419864770492,545269984,0.0012986800091873616
49747225,22357,4.494120023780221E-4,407511508713,181763899,4.4603378092080266E-4
52171255,34881,6.685865616995412E-4,427366427607,283140572,6.625241331786875E-4
55669185,35893,6.44755262718504E-4,456020631358,291392532,6.389897999400857E-4
52063226,23107,4.438257437216818E-4,426483955233,187694472,4.4009738161769136E-4
55123084,27247,4.942938243440806E-4,451550394425,221172292,4.898064418294634E-4
52287315,60676,0.0011604344189408082,428315404774,492664157,0.00115023683834102
53426871,64375,0.0012049180271103655,437651143836,522659725,0.0011942382245797468
52823927,33044,6.255498573591471E-4,432713063534,268364070,6.201894340980847E-4
51429721,65721,0.0012778797691708264,421288698571,533480289,0.0012663057205416401
Trace: hadoopWordCount-sort; beginning 1 sim with cache size 8
java CacheSim newTopology.txt hadoopWordCount-sort 1 8
216591663,322264,0.001487887370807989,1774227896484,2615839430,0.001474353680935706
311510784,396181,0.001271805087813589,2551760361178,3218063392,0.0012611150486381904
314876269,357103,0.001134105790614535,2579340178311,2899618043,0.0011241704631991286
53532215,187414,0.0035009573207460216,438506615607,1521018543,0.0034686330578947815
49658967,51083,0.0010286762509578583,406784842559,414516532,0.0010190068277676266
55343811,157967,0.002854284826897808,453347513939,1282245209,0.0028283936044094684
54749759,50024,9.136843871769372E-4,448492874045,406023460,9.053063794259109E-4
52509069,66487,0.0012662003205579592,430134071095,539640082,0.001254585763518404
51529185,162894,0.003161198842946963,422099564301,1322288296,0.003132645488961163
51256005,124900,0.0024367876505396783,419864770492,1013810203,0.0024146112611734757
49747225,60813,0.0012224400456507876,407511508713,493469141,0.0012109330177164095
52171255,80216,0.0015375516651842092,427366427607,650445925,0.0015219864804124031
55669185,76106,0.0013671118052114468,456020631358,617328406,0.0013537291156359218
52063226,70441,0.0013529895362227459,426483955233,571303321,0.0013395658007529993
55123084,50382,9.139909515947982E-4,451550394425,408667503,9.050318813703913E-4
52287315,112350,0.00214870470973696,428315404774,911961933,0.002129183127282558
53426871,108679,0.00203416367018761,437651143836,882055903,0.002015431503888702
52823927,76673,0.001451482393575169,432713063534,621928415,0.0014372767254139823
51429721,113479,0.002206486790002225,421288698571,920854187,0.002185803203654674
Trace: hadoopWordCount-sort; beginning 1 sim with cache size 16
java CacheSim newTopology.txt hadoopWordCount-sort 1 16
216591663,343525,0.001586049043817536,1774227896484,2788126918,0.0015714592942232793
311510784,414907,0.001331918576533132,2551760361178,3369881650,0.0013206105484154167
314876269,367120,0.0011659182864619119,2579340178311,2980807419,0.0011556472636160338
53532215,191302,0.003573586484325373,438506615607,1552459439,0.0035403329932685687
49658967,52623,0.0010596877699852274,406784842559,426965300,0.0010496096592833913
55343811,160746,0.0029044982102876867,453347513939,1304737881,0.002878008240661839
54749759,51483,9.403329063055784E-4,448492874045,417809188,9.315848972844074E-4
52509069,68907,0.0013122875974053167,430134071095,559213842,0.0013000919470908207
51529185,163929,0.0031812845477761777,422099564301,1330660008,0.003152478989651607
51256005,126902,0.0024758464886211868,419864770492,1029956635,0.0024530675288452776
49747225,61529,0.0012368328082621694,407511508713,499216341,0.0012250361776937823
52171255,81802,0.0015679515472648683,427366427607,663229541,0.0015518990219088905
55669185,77494,0.0013920448089908269,456020631358,628535735,0.0013783054795750383
52063226,71954,0.0013820503554658715,426483955233,583458713,0.0013680672059075243
55123084,51524,9.34708224960708E-4,451550394425,417890159,9.25456303791158E-4
52287315,113753,0.0021755372215995408,428315404774,923286256,0.002155622342108313
53426871,109971,0.0020583462580093825,437651143836,892506847,0.002039311126156789
52823927,78713,0.0014901012565763996,432713063534,638390912,0.0014753215601724932
51429721,114227,0.0022210309093452013,421288698571,926866091,0.002200073474897155
Trace: hadoopWordCount-sort; beginning 1 sim with cache size 32
java CacheSim newTopology.txt hadoopWordCount-sort 1 32
216591663,357522,0.0016506729531874918,1774227896484,2901592757,0.0016354115290093832
311510784,427354,0.0013718754596951609,2551760361178,3470809554,0.001360162814190643
314876269,373412,0.00118590073868031,2579340178311,3031842843,0.0011754334959358898
53532215,193498,0.0036146085119025994,438506615607,1570192949,0.0035807736830297766
49658967,53920,0.001085805912958278,406784842559,437471028,0.0010754359116430187
55343811,162376,0.0029339504646689403,453347513939,1317916761,0.0029070783901493542
54749759,52635,9.613740948156502E-4,448492874045,427112821,9.52329113164784E-4
52509069,70683,0.00134611032619908,430134071095,573593874,0.0013335234582552175
51529185,165456,0.0032109182398285556,422099564301,1343014836,0.0031817489274693815
51256005,128919,0.00251519797533967,419864770492,1046299163,0.0024919908421321955
49747225,62335,0.0012530347170118534,407511508713,505733589,0.001241028972647188
52171255,82765,0.0015864099876454955,427366427607,670985317,0.0015700468582830012
55669185,78088,0.001402714984959812,456020631358,633350583,0.001388863879061618
52063226,72897,0.001400162948027846,426483955233,591070617,0.0013859152489736262
55123084,51825,9.401687322138942E-4,451550394425,420314100,9.308243447228608E-4
52287315,115372,0.002206500754532911,428315404774,936436464,0.00218632450190324
53426871,110490,0.002068060470919212,437651143836,896680076,0.0020488466410498196
52823927,79442,0.0015039018208547804,432713063534,644262640,0.0014888911250754918
51429721,116400,0.002263282742677138,421288698571,944459947,0.0022418354686550646
Trace: hadoopWordCount-sort; beginning 1 sim with cache size 64
java CacheSim newTopology.txt hadoopWordCount-sort 1 64
216591663,368470,0.0017012196817566335,1774227896484,2990226042,0.0016853675043244174
311510784,436710,0.0014019097329227613,2551760361178,3546596241,0.0013898625807333813
314876269,379065,0.0012038538223406096,2579340178311,3077617000,0.001193179955819275
53532215,194348,0.0036304868012653688,438506615607,1577053749,0.003596419513117204
49658967,54612,0.0010997409591705764,406784842559,443055412,0.0010891640141083656
55343811,163339,0.0029513507842819134,453347513939,1325703480,0.002924254438899117
54749759,53972,9.857942936333291E-4,448492874045,437944181,9.764796863997852E-4
52509069,71972,0.0013706584666355445,430134071095,584015634,0.0013577525549493463
51529185,166899,0.003238921787720881,422099564301,1354703270,0.00320944010506952
51256005,129789,0.002532171596284182,419864770492,1053349403,0.002508782534351903
49747225,63526,0.001276975750908719,407511508713,515367424,0.001264669617865836
52171255,83286,0.001596396329741349,427366427607,675184229,0.0015798719445058742
55669185,79241,0.0014234266228255361,456020631358,642657021,0.001409271810984097
52063226,73101,0.0014040812607347842,426483955233,592721305,0.0013897857064193188
55123084,52845,9.58672776726353E-4,451550394425,428581876,9.491340973043598E-4
52287315,116337,0.0022249564736686136,428315404774,944226971,0.0022045132173058777
53426871,111019,0.0020779618555614083,437651143836,900965516,0.002058638549651813
52823927,79849,0.00151160666263983,432713063534,647540464,0.0014964661771740574
51429721,118020,0.0022947820385803767,421288698571,957571243,0.0022729573478900717
Trace: hadoopWordCount-sort; beginning 1 sim with cache size 128
java CacheSim newTopology.txt hadoopWordCount-sort 1 128
216591663,378991,0.001749794958636058,1774227896484,3075437690,0.0017333949579389529
311510784,441289,0.001416609063524427,2551760361178,3583646609,0.0014043821134307603
314876269,382487,0.0012147215832260766,2579340178311,3105329000,0.0012039237887704396
53532215,194805,0.003639023716840411,438506615607,1580759605,0.003604870596562936
49658967,55533,0.0011182874585369447,406784842559,450509620,0.0011074887086891842
55343811,163787,0.0029594456370198286,453347513939,1329340728,0.002932277529107326
54749759,54804,0.0010009907075572697,448492874045,444702069,9.915476805443743E-4
52509069,72498,0.0013806757838345982,430134071095,588279219,0.001367664778338547
51529185,168353,0.003267138806872261,422099564301,1366507430,0.003237405450211602
51256005,129902,0.002534376216016055,419864770492,1054250011,0.002510927529748742
49747225,63874,0.0012839711159768209,407511508713,518172679,0.0012715534847997038
52171255,83482,0.0016001531878042804,427366427607,676769381,0.001583581061314314
55669185,80235,0.00144128210247734,456020631358,650702589,0.0014269148022146491
52063226,73334,0.001408556588483395,426483955233,594614842,0.0013942255850519522
55123084,53325,9.673805623792748E-4,451550394425,432455668,9.577129670115446E-4
52287315,116866,0.0022350736502725374,428315404774,948510363,0.0022145137728596994
53426871,111198,0.0020813122295707718,437651143836,902427788,0.0020619797313683355
52823927,80688,0.0015274896165898457,432713063534,654318832,0.0015121309873478953
51429721,118761,0.0023091900498546356,421288698571,963556011,0.002287163207245664
Trace: hadoopWordCount-sort; beginning 1 sim with cache size 256
java CacheSim newTopology.txt hadoopWordCount-sort 1 256
216591663,441603,0.0020388734907123363,1774227896484,3583166936,0.002019564083678758
311510784,605294,0.0019430916394855852,2551760361178,4913754216,0.001925633100488952
314876269,500884,0.001590732771290554,2579340178311,4065307414,0.0015761036284333923
53532215,208149,0.0038882941794954684,438506615607,1688762661,0.0038511680346312244
49658967,75707,0.0015245383577954814,406784842559,614128157,0.0015097124886380862
55343811,187808,0.0033934779084873645,453347513939,1524109530,0.0033619011533943823
54749759,78229,0.0014288464721826447,448492874045,635481260,0.0014169261024562863
52509069,88591,0.001687156174869526,430134071095,718768627,0.0016710339294216286
51529185,192644,0.0037385415662987876,422099564301,1563378227,0.0037038138847382274
51256005,145601,0.0028406622794734,419864770492,1181303029,0.002813532146590299
49747225,77617,0.0015602277312955647,407511508713,629560167,0.0015448892940184008
52171255,93416,0.0017905645551367319,427366427607,757345415,0.0017721219217913015
55669185,97347,0.0017486693940283122,456020631358,789338880,0.0017309280013261675
52063226,83158,0.001597250235703796,426483955233,674342126,0.001581166460603631
55123084,66731,0.0012105817591773348,451550394425,541190231,0.0011985156865805566
52287315,129748,0.0024814431569110023,428315404774,1052772358,0.0024579371796246596
53426871,127498,0.002386402153328425,437651143836,1034507420,0.0023637717724957178
52823927,102481,0.001940048872171128,432713063534,831834311,0.001922369304514051
51429721,138176,0.0026866955004480773,421288698571,1120940168,0.0026607411302562805
Trace: hadoopWordCount-sort; beginning 1 sim with cache size 512
java CacheSim newTopology.txt hadoopWordCount-sort 1 512
216591663,505133,0.002332190413072363,1774227896484,4097804371,0.002309626840565774
311510784,727489,0.0023353573531502522,2551760361178,5904114378,0.0023137417085961837
314876269,634508,0.002015102637029785,2579340178311,5148928043,0.0019962190665256158
53532215,216779,0.004049505517378648,438506615607,1758665201,0.0040105784916507565
49658967,87151,0.0017549901913988667,406784842559,706746437,0.001737396193412722
55343811,200071,0.003615056433320069,453347513939,1623368713,0.0035808483847083183
54749759,86568,0.0015811576449131037,448492874045,703015865,0.0015675073243849626
52509069,99068,0.001886683612691743,430134071095,803596428,0.0018682463957209207
51529185,204158,0.003961987755094516,422099564301,1656521827,0.003924481253002979
51256005,153862,0.0030018336388097358,419864770492,1248144794,0.0029727304639953875
49747225,85088,0.0017104069623984051,407511508713,689962383,0.0016931114048264167
52171255,102582,0.0019662551725083094,427366427607,831483837,0.0019455993341728297
55669185,108247,0.001944468919385114,456020631358,877717423,0.001924731827124168
52063226,89018,0.0017098056889521215,426483955233,721788205,0.0016924158485766881
55123084,78223,0.0014190606606843696,451550394425,634281224,0.001404674277403052
52287315,136841,0.0026170974738328025,428315404774,1110218477,0.0025920582463892588
53426871,134298,0.002513678931337753,437651143836,1089533592,0.002489502443545031
52823927,121339,0.00229704618515015,432713063534,985536686,0.0022775755322731604
51429721,148860,0.002894435301330917,421288698571,1207477602,0.002866152370324036
Trace: hadoopWordCount-sort; beginning 1 sim with cache size 1024
java CacheSim newTopology.txt hadoopWordCount-sort 1 1024
216591663,555292,0.002563773657345251,1774227896484,4503883003,0.002538503093049871
311510784,839870,0.002696118539510979,2551760361178,6813911557,0.0026702787850558236
314876269,756542,0.0024026643938670398,2579340178311,6138173555,0.002379745644492457
53532215,223104,0.004167658670578081,438506615607,1809797465,0.00412718394794295
49658967,93212,0.001877042669856584,406784842559,755706207,0.0018577540948822165
55343811,208010,0.0037585051741377187,453347513939,1687527603,0.003722370921012847
54749759,91138,0.0016646283319712877,448492874045,739877472,0.0016496972746232834
52509069,104522,0.0019905513845617792,430134071095,847672898,0.0019707178644139114
51529185,210153,0.004078329591279194,422099564301,1705079994,0.0040395208576526846
51256005,159466,0.0031111671695833493,419864770492,1293469251,0.003080680595050414
49747225,89789,0.001804904695689056,407511508713,727940919,0.0017863076341057898
52171255,108109,0.0020721947363543393,427366427607,876241536,0.0020503284287126528
55669185,113845,0.0020450272444261577,456020631358,922997439,0.002024025615357299
52063226,92819,0.0017828130742416923,426483955233,752535254,0.0017645101175936832
55123084,84731,0.0015371237211619002,451550394425,686959862,0.0015213359803943217
52287315,143172,0.0027381784664215402,428315404774,1161501425,0.002711789984796051
53426871,139747,0.0026156688083043456,437651143836,1133650711,0.002590306747661124
52823927,127863,0.0024205508234933005,432713063534,1038246160,0.0023993871401075018
51429721,156456,0.0030421319998994354,421288698571,1268950191,0.0030120679602947936
Trace: hadoopWordCount-sort; beginning 1 sim with cache size 2048
java CacheSim newTopology.txt hadoopWordCount-sort 1 2048
216591663,586806,0.002709273255822409,1774227896484,4758580542,0.0026820571085767013
311510784,899153,0.0028864265578683788,2551760361178,7293270430,0.0028581329739886386
314876269,809046,0.002569409255798823,2579340178311,6562529589,0.0025442668028756357
53532215,226489,0.004230891622922758,438506615607,1837177257,0.004189622668421773
49658967,96008,0.0019333467005062752,406784842559,778269581,0.0019132216827551039
55343811,212541,0.0038403752137705152,453347513939,1724121343,0.0038030898813575242
54749759,93839,0.0017139618824623501,448492874045,761684986,0.0016983212668025033
52509069,106822,0.0020343533418960445,430134071095,866223311,0.0020138449130403455
51529185,212962,0.004132842388250464,422099564301,1727727127,0.004093174390883651
51256005,162608,0.003172467304074908,419864770492,1318839969,0.0031411065221180036
49747225,91636,0.0018420323947717686,407511508713,742812684,0.001822801732265049
52171255,111378,0.002134853761903945,427366427607,902713730,0.002112271043503966
55669185,117059,0.002102761159517604,456020631358,948972174,0.002080985176425071
52063226,96211,0.0018479646267021564,426483955233,779978326,0.001828857373013895
55123084,88689,0.001608926670358284,451550394425,718991220,0.0015922723772959088
52287315,146858,0.0028086735759906586,428315404774,1191318100,0.0027814038129882284
53426871,142507,0.0026673282064375433,437651143836,1155947757,0.002641253823463479
52823927,131376,0.002487054777279243,432713063534,1066710363,0.0024651679204877627
51429721,159758,0.003106336120314555,421288698571,1295664707,0.0030754793836028833
Trace: hadoopKMeans; beginning 1 sim with cache size 1
java CacheSim newTopology.txt hadoopKMeans 1 1
81484927,572503,0.007025876086260714,647040577972,362544220,5.603114122089708E-4
121835941,1131083,0.009283656289895607,968749397747,732316833,7.559404265985958E-4
110590998,1144622,0.010350046755161754,876396443482,602988541,6.880317069798613E-4
19661807,356760,0.01814482259946911,156843801861,380259754,0.002424448715780292
19829582,441529,0.02226617787505556,157328007834,534616021,0.0033980982048923184
18555375,411635,0.022184138019307072,147042423762,404533410,0.0027511339901113837
20619366,420018,0.020370073454246847,163988483080,380614200,0.0023209812838766337
20215542,412569,0.020408505495425253,160569881240,411600490,0.002563372949032643
26827900,400919,0.014944106694895985,214733409987,388806866,0.0018106491487446617
22355698,410218,0.01834959481023585,178344842359,460970843,0.002584716422985122
18973876,413760,0.02180682534238128,150252404447,283750747,0.0018884938849686773
18004182,435419,0.024184325619458855,142448175897,356729205,0.002504273591105443
18346042,393196,0.021432197745977034,145599792522,282884798,0.0019428928647494904
18268167,400947,0.021947850597161717,144734570608,257525613,0.0017792957958709392
17089007,411805,0.0240976552938389,135195780018,409954002,0.0030322988035974096
17549918,403413,0.02298660312828812,138719263189,274145873,0.0019762639066680026
18063404,414566,0.022950602223146866,142911423723,332759612,0.002328432558652385
17799267,435946,0.024492356904360163,140398484561,297433163,0.0021184926883649658
18309432,407555,0.022259292369091514,145181649931,386082950,0.0026593095627683826
Trace: hadoopKMeans; beginning 1 sim with cache size 8
java CacheSim newTopology.txt hadoopKMeans 1 8
81484927,1932539,0.02371652121624899,647040577972,1977346275,0.003055984960321248
121835941,3070004,0.025197851921215923,968749397747,3640459733,0.003757896254146367
110590998,3086185,0.027906294868593192,876396443482,3216216842,0.0036698195958231963
19661807,513096,0.02609607550313153,156843801861,827775645,0.005277707089334657
19829582,677111,0.03414650898843959,157328007834,1272198938,0.008086283907836188
18555375,608289,0.032782360906206426,147042423762,843658015,0.005737514340524803
20619366,585568,0.028398933313468513,163988483080,746517785,0.004552257396245439
20215542,621608,0.03074901479267783,160569881240,915061553,0.005698836830004745
26827900,662367,0.02468948370912371,214733409987,1236295082,0.005757348528460687
22355698,601683,0.026914078012683834,178344842359,989669146,0.0055491884873678675
18973876,614497,0.03238647706984066,150252404447,667634585,0.004443420306365222
18004182,609221,0.033837749473983325,142448175897,763001171,0.005356342165811258
18346042,540199,0.029444988733809723,145599792522,575068546,0.003949652235343039
18268167,554920,0.030376337155227452,144734570608,497881896,0.003439965268204418
17089007,583334,0.034135043657012955,135195780018,805828978,0.005960459549053319
17549918,587949,0.03350152405270498,138719263189,646243898,0.004658645693060783
18063404,596650,0.033030872807805214,142911423723,710791467,0.004973650450629484
17799267,638810,0.03588968017615557,140398484561,713822792,0.005084262798362755
18309432,585893,0.03199951806260293,145181649931,798692738,0.005501333938411583
Trace: hadoopKMeans; beginning 1 sim with cache size 16
java CacheSim newTopology.txt hadoopKMeans 1 16
81484927,2183575,0.026797287306890512,647040577972,2853679762,0.0044103567212804545
121835941,3362087,0.027595198694283486,968749397747,4907570979,0.0050658828696187415
110590998,3349880,0.03029071136513299,876396443482,4275546880,0.004878553435261418
19661807,603759,0.030707197970156048,156843801861,1484274919,0.009463395437936476
19829582,700215,0.035311636927092056,157328007834,1373710895,0.008731508864266753
18555375,634875,0.034215153291162266,147042423762,956413375,0.006504336303297285
20619366,603343,0.029260986977000164,163988483080,820124429,0.005001109916968445
20215542,652136,0.03225914002206817,160569881240,1064803914,0.00663140500433243
26827900,684686,0.025521416137677565,214733409987,1334386536,0.006214154267287908
22355698,621941,0.02782024520102213,178344842359,1063806882,0.005964887282014051
18973876,642118,0.03384221547563608,150252404447,779254415,0.005186302461301869
18004182,634451,0.03523909056240378,142448175897,864146775,0.006066394108302507
18346042,566093,0.030856410336354837,145599792522,695132636,0.004774269413158443
18268167,577919,0.031635303093079895,144734570608,583638816,0.004032476923434768
17089007,602788,0.03527343630908455,135195780018,860892497,0.0063677468104801835
17549918,622072,0.03544586362169897,138719263189,798996359,0.005759808267662122
18063404,626531,0.03468510143492334,142911423723,839530063,0.00587447833860525
17799267,663037,0.03725080364264439,140398484561,797483948,0.00568014640965381
18309432,610023,0.03331741803896483,145181649931,899227270,0.00619380803584594
Trace: hadoopKMeans; beginning 1 sim with cache size 32
java CacheSim newTopology.txt hadoopKMeans 1 32
81484927,2331711,0.028615243160247293,647040577972,3280663991,0.005070260046568466
121835941,3588443,0.029453074113819994,968749397747,5652128220,0.005834458563943405
110590998,3548932,0.032090604698223266,876396443482,4839008453,0.005521483443924298
19661807,648828,0.0329994084470466,156843801861,1710906022,0.010908343215986691
19829582,718980,0.03625795036930178,157328007834,1430253844,0.009090904179687383
18555375,657539,0.03543657834993903,147042423762,1045153171,0.007107834217230155
20619366,617147,0.02993045469972258,163988483080,844780087,0.0051514598533598435
20215542,672284,0.03325579892935841,160569881240,1128462361,0.007027858227741441
26827900,705138,0.02628375683523496,214733409987,1399284110,0.006516378192311634
22355698,638546,0.02856300885796543,178344842359,1109962934,0.0062236895629742715
18973876,658793,0.03472105541324293,150252404447,830889587,0.005529958672262632
18004182,652523,0.03624285735391922,142448175897,916044678,0.006430722416988789
18346042,583144,0.0317858206146045,145599792522,740567454,0.00508632217925792
18268167,594025,0.03251694600777407,144734570608,616176325,0.004257285059205763
17089007,620293,0.03629777903420602,135195780018,900582186,0.006661318762169176
17549918,640806,0.03651333299676956,138719263189,843148196,0.006078090213406345
18063404,645570,0.03573911096712447,142911423723,894556106,0.00625951433899284
17799267,682860,0.038364501189852365,140398484561,850490497,0.006057690007547631
18309432,637300,0.03480719664050747,145181649931,1035543921,0.00713274660738571
Trace: hadoopKMeans; beginning 1 sim with cache size 64
java CacheSim newTopology.txt hadoopKMeans 1 64
81484927,5617507,0.06893921620620706,647040577972,29561374794,0.04568704931405282
121835941,8875762,0.07285011243110931,968749397747,48210781709,0.04976599915429398
110590998,8611967,0.07787222428357143,876396443482,45521468309,0.05194163970832562
19661807,1244428,0.06329163947138734,156843801861,6507153899,0.04148811634116628
19829582,1224403,0.06174628391057361,157328007834,5468792888,0.03476045342015794
18555375,1363596,0.07348792465794951,147042423762,6728525292,0.04575907496526757
20619366,1603619,0.07777246885282506,163988483080,8836068825,0.053882252332863034
20215542,1230301,0.06085916469615309,160569881240,5594848544,0.0348436985865208
26827900,1633990,0.06090636986122656,214733409987,8898736884,0.04144085861878099
22355698,1305605,0.058401441994788084,178344842359,6477233289,0.03631859045276805
18973876,1356792,0.07150842558473557,150252404447,6448627432,0.042918630525308414
18004182,1287979,0.071537768280725,142448175897,6038845009,0.042393277210980275
18346042,1488471,0.08113308581763849,145599792522,8052148929,0.05530329947265088
18268167,1533024,0.08391777894301054,144734570608,8199617696,0.05665279318931961
17089007,878135,0.05138595823619242,135195780018,2916893751,0.0215753313499256
17549918,1044801,0.05953309867316759,138719263189,4047186529,0.029175375041358562
18063404,1489723,0.08247188625134,142911423723,7705866947,0.05392058063836801
17799267,1577772,0.08864252668382355,140398484561,8087636695,0.05760487173553574
18309432,1405567,0.07676737323145798,145181649931,7228841656,0.04979170342419739
Trace: hadoopKMeans; beginning 1 sim with cache size 128
java CacheSim newTopology.txt hadoopKMeans 1 128
81484927,6277135,0.07703430844332719,647040577972,34568293944,0.053425233471981574
121835941,9471006,0.07773573152769428,968749397747,52725030706,0.05442587198363322
110590998,9414845,0.08513210993900244,876396443482,51707259918,0.05899985138296832
19661807,1382108,0.0702940477444418,156843801861,7577158604,0.04831022019419754
19829582,1292986,0.0652049044705027,157328007834,5982083941,0.03802300698621837
18555375,1472218,0.07934186185943426,147042423762,7568342480,0.05147046876927146
20619366,1645981,0.07982694521257346,163988483080,9156017788,0.05583329765623441
20215542,1300545,0.06433391694370598,160569881240,6128096008,0.038164666752418405
26827900,1725258,0.0643083506349733,214733409987,9602817308,0.04471971692053582
22355698,1389044,0.06213377904818718,178344842359,7106357532,0.03984616228875982
18973876,1425455,0.07512724337399486,150252404447,6941188504,0.0461968547494921
18004182,1387332,0.07705609730006062,142448175897,6803583597,0.04776181621251133
18346042,1587041,0.08650590683265633,145599792522,8810454693,0.06051145087771157
18268167,1619631,0.08865864867558962,144734570608,8853975445,0.0611738813181003
17089007,949350,0.05555325713190942,135195780018,3442744925,0.025464884514454757
17549918,1110700,0.0632880449925749,138719263189,4519534715,0.03258044060428938
18063404,1540316,0.08527274261263271,142911423723,8067362231,0.05645008649998949
17799267,1643307,0.09232441987639153,140398484561,8569041251,0.061033716124456766
18309432,1496752,0.0817475932623142,145181649931,7914858595,0.054516935155108574
Trace: hadoopKMeans; beginning 1 sim with cache size 256
java CacheSim newTopology.txt hadoopKMeans 1 256
81484927,7027753,0.08624604891650697,647040577972,38975202881,0.06023610297078866
121835941,10382030,0.08521319665434357,968749397747,57966007138,0.059835915534822856
110590998,10311560,0.09324050046098689,876396443482,56948521776,0.06498032049255988
19661807,1511508,0.07687533500862866,156843801861,8422790652,0.0537017756013371
19829582,1391061,0.07015079793411681,157328007834,6547866691,0.041619205513037376
18555375,1550178,0.08354333986782805,147042423762,7996439216,0.05438185124684071
20619366,1763663,0.08553429819326161,163988483080,9818573978,0.05987355815231314
20215542,1426866,0.0705826240028588,160569881240,6927016676,0.04314019928585706
26827900,1869191,0.06967339970702142,214733409987,10541038748,0.049088955224239006
22355698,1483123,0.06634205740299408,178344842359,7621608933,0.04273523603030835
18973876,1490858,0.07857424597905036,150252404447,7287920684,0.0485045195171618
18004182,1482041,0.08231648624747295,142448175897,7350859092,0.05160374322599389
18346042,1663669,0.0906827205562922,145599792522,9197255852,0.06316805603009566
18268167,1719715,0.09413724978537803,144734570608,9431723235,0.06516565596857254
17089007,1076086,0.06296948675835876,135195780018,4270617726,0.0315883951809103
17549918,1221637,0.06960927110884507,138719263189,5210696286,0.03756288900482851
18063404,1634185,0.0904693821828931,142911423723,8587758632,0.06009147770191793
17799267,1784576,0.10026120738567493,140398484561,9474060507,0.06747979179849148
18309432,1618142,0.08837750947162097,145181649931,8703201877,0.059946982839335014
Trace: hadoopKMeans; beginning 1 sim with cache size 512
java CacheSim newTopology.txt hadoopKMeans 1 512
81484927,7360949,0.0903350996436433,647040577972,40792563102,0.06304482978464027
121835941,10805370,0.08868786920601697,968749397747,60352887588,0.062299793660116266
110590998,10704170,0.09679060858099861,876396443482,59145823718,0.06748752138131511
19661807,1597825,0.08126541980602292,156843801861,9014305175,0.05747313612678661
19829582,1466915,0.0739760928899056,157328007834,7067763468,0.044923746034192094
18555375,1666396,0.08980664632215733,147042423762,8843546352,0.060142822226012756
20619366,1837722,0.08912601871463943,163988483080,10298024636,0.0627972430903957
20215542,1540885,0.07622278937660934,160569881240,7747245111,0.048248432714603405
26827900,1922396,0.07165659630459335,214733409987,10868299081,0.05061298603537274
22355698,1626648,0.0727621208695877,178344842359,8695761130,0.04875813068087403
18973876,1572891,0.08289771683972215,150252404447,7866972606,0.05235838078567984
18004182,1543542,0.08573241483561986,142448175897,7754628729,0.054438245208609334
18346042,1748975,0.09533255183870178,145599792522,9785920847,0.06721109060317758
18268167,1852398,0.1014003211159609,144734570608,10412178826,0.07193981909270598
17089007,1183870,0.06927669934244862,135195780018,5050695513,0.03735838139568816
17549918,1330686,0.07582291837488928,138719263189,6007246246,0.04330506166122973
18063404,1724063,0.09544507779375361,142911423723,9218369135,0.06450407458586116
17799267,1851360,0.10401327200721243,140398484561,9914904040,0.07061973689389928
18309432,1745324,0.09532376536858161,145181649931,9644698831,0.06643194119631375
Trace: hadoopKMeans; beginning 1 sim with cache size 1024
java CacheSim newTopology.txt hadoopKMeans 1 1024
81484927,7686061,0.09432494183862986,647040577972,42967515750,0.06640621502390438
121835941,11066669,0.09083254833645517,968749397747,61964990098,0.06396390051143326
110590998,10980902,0.0992929098985073,876396443482,60958353591,0.06955568344025577
19661807,1758931,0.08945927503001123,156843801861,10279843383,0.06554191661402295
19829582,1574940,0.07942376193305536,157328007834,7893019317,0.05016919381149278
18555375,1746554,0.09412658057301455,147042423762,9447695818,0.0642514967877016
20619366,1991214,0.0965700885274552,163988483080,11494002396,0.07009030256345974
20215542,1631344,0.08069751481310766,160569881240,8429902522,0.05249989884092911
26827900,1968011,0.07335687847352942,214733409987,11188054664,0.05210206769723131
22355698,1706343,0.07632698384098766,178344842359,9290158966,0.052090987567217306
18973876,1651071,0.08701811901795922,150252404447,8451314693,0.056247450575615345
18004182,1661311,0.09227361731846523,142448175897,8666349421,0.06083861282482394
18346042,1824839,0.0994677217025885,145599792522,10352953910,0.07110555400300916
18268167,1949686,0.10672586910334245,144734570608,11154496329,0.07706863869594022
17089007,1265983,0.07408171814781281,135195780018,5671323264,0.04194896662636155
17549918,1433228,0.0816657946777871,138719263189,6793342786,0.04897187766016545
18063404,1811613,0.10029189404167675,142911423723,9877059950,0.06911315899521332
17799267,1923061,0.10804158395960912,140398484561,10439143486,0.07435367638504976
18309432,1841139,0.10055686052958934,145181649931,10372187516,0.0714428271129964
Trace: hadoopKMeans; beginning 1 sim with cache size 2048
java CacheSim newTopology.txt hadoopKMeans 1 2048
81484927,7857730,0.09643169957064575,647040577972,44117711802,0.06818384086555565
121835941,11444962,0.09393748598371313,968749397747,64804922558,0.06689544551843381
110590998,11229599,0.1015417095702491,876396443482,62764665440,0.07161675050919933
19661807,1852800,0.09423345473790888,156843801861,11025404489,0.07029544271549262
19829582,1658256,0.08362536335864265,157328007834,8545542338,0.054316726281925444
18555375,1841081,0.09922089960456203,147042423762,10191338995,0.06930883437759093
20619366,2083222,0.10103230138113849,163988483080,12215083686,0.07448744848771487
20215542,1707712,0.08447520229732154,160569881240,9028641789,0.05622873803777125
26827900,2057250,0.07668322902649853,214733409987,11892033073,0.05538045092154009
22355698,1820099,0.08141544048412176,178344842359,10192519785,0.057150628244594395
18973876,1773590,0.09347536581350063,150252404447,9422101117,0.06270848810491782
18004182,1733264,0.09627007769639298,142448175897,9227469402,0.06477772947174912
18346042,1910695,0.10414753220340388,145599792522,11028504896,0.07574533387012625
18268167,2005588,0.10978594623094917,144734570608,11582348581,0.08002475519390391
17089007,1382645,0.08090844599689145,135195780018,6598234023,0.04880502943303045
17549918,1493510,0.08510068252170751,138719263189,7257589231,0.05231853935896268
18063404,1962484,0.10864419574516519,142911423723,11082098696,0.07754522631780666
17799267,1991485,0.1118857872068552,140398484561,10970324676,0.07813705903095869
18309432,1901815,0.1038707809177259,145181649931,10840482963,0.07466841001016396
navdeep@italic:~/Documents/simulator/src$ exit

Script done on Fri 06 Jan 2017 12:05:32 AM MST
