Script started on Fri 06 Jan 2017 04:11:28 PM MST
navdeep@italic:~/Documents/simulator/src$ e[Kperl cache_script.pl
Trace: hadoop-bayes; beginning 7 sim with cache size 1
java CacheSim newTopology.txt hadoop-bayes 7 1
27480947,2847,1.0359904991629291E-4,225102253081,20813663,9.246314825871817E-5
39388672,3306,8.393276117559892E-5,322639715559,23537193,7.295193946975767E-5
40176068,4865,1.2109198939030071E-4,329091841330,35537297,1.0798595570275666E-4
6870786,1500,2.1831563375718585E-4,56279232850,11472367,2.0384725269047445E-4
6946004,286,4.1174753138639136E-5,56897098662,2176040,3.8245183870040054E-5
6877585,647,9.407371919067521E-5,56332750084,5004970,8.88465411778564E-5
6207276,673,1.0842114963149697E-4,50845271689,5102341,1.0035035374004804E-4
6142695,816,1.328407156793557E-4,50315935807,6097981,1.21193830586604E-4
6316198,658,1.0417659484392351E-4,51736919804,4919114,9.50793750118012E-5
6634264,572,8.621905911492217E-5,54343047146,4300783,7.914136629926843E-5
6807074,628,9.225696679660013E-5,55758452762,4708841,8.445071135849607E-5
6230112,1325,2.1267675444679003E-4,51032249036,10025642,1.9645698924473324E-4
7441090,558,7.498901370632528E-5,60952440924,4275854,7.01506606656073E-5
6715848,1256,1.8702031374146646E-4,55011062126,9425041,1.7132992230567062E-4
7208102,1060,1.4705674253777208E-4,59043425689,8221722,1.3924872928793724E-4
7466680,475,6.361595782864674E-5,61162375043,3606596,5.8967559671520194E-5
6340143,262,4.132398906459996E-5,51933725858,1967069,3.7876523732929666E-5
6684497,1577,2.3591902277763009E-4,54753978824,11901115,2.1735616763586597E-4
6324563,2368,3.7441322032842427E-4,51805382141,18269849,3.526631451202212E-4
Trace: hadoop-bayes; beginning 7 sim with cache size 8
java CacheSim newTopology.txt hadoop-bayes 7 8
27480947,4015,1.461012242409259E-4,225102253081,30639669,1.361144483479458E-4
39388672,3912,9.931789525678855E-5,322639715559,28366070,8.791871747981626E-5
40176068,5529,1.3761924138519478E-4,329091841330,40962958,1.244727241928918E-4
6870786,2021,2.941439305488484E-4,56279232850,15604840,2.772752791707608E-4
6946004,757,1.0898352491590848E-4,56897098662,5973345,1.0498505443106947E-4
6877585,6531,9.496065842879441E-4,56332750084,52833574,9.378838050906047E-4
6207276,666,1.0729344079431944E-4,50845271689,5057745,9.947326136707822E-5
6142695,1240,2.0186579343431507E-4,50315935807,9561223,1.9002375383963014E-4
6316198,951,1.5056526093703838E-4,51736919804,7158770,1.3836869351944924E-4
6634264,1079,1.6264049787587592E-4,54343047146,8489875,1.5622743747127014E-4
6807074,1028,1.510193660301034E-4,55758452762,8000684,1.434882713505378E-4
6230112,1420,2.279252764637297E-4,51032249036,10770807,2.110588344323583E-4
7441090,641,8.614329352285754E-5,60952440924,4944908,8.112731705307219E-5
6715848,1328,1.9774122344639128E-4,55011062126,9990425,1.8160756425893845E-4
7208102,1464,2.0310478403330032E-4,59043425689,11505437,1.948639813110218E-4
7466680,606,8.116056935612614E-5,61162375043,4664792,7.626898067186622E-5
6340143,632,9.96822942321648E-5,51933725858,4917443,9.468689023863873E-5
6684497,1870,2.7975178985045545E-4,54753978824,14221274,2.5973042152265414E-4
6324563,6098,9.641772878220994E-4,51805382141,48719912,9.404411276688936E-4
Trace: hadoop-bayes; beginning 7 sim with cache size 16
java CacheSim newTopology.txt hadoop-bayes 7 16
27480947,3951,1.4377233797656245E-4,225102253081,30107778,1.3375156218079312E-4
39388672,4025,1.0218674039073975E-4,322639715559,29310659,9.084640726643606E-5
40176068,5534,1.3774369358395152E-4,329091841330,41049172,1.2473469969386918E-4
6870786,2137,3.110270062260708E-4,56279232850,16538615,2.938671009265543E-4
6946004,758,1.091274925842254E-4,56897098662,5981537,1.0512903365307981E-4
6877585,7698,0.0011192882385314031,56332750084,62366386,0.001107107071943106
6207276,666,1.0729344079431944E-4,50845271689,5057745,9.947326136707822E-5
6142695,1240,2.0186579343431507E-4,50315935807,9561223,1.9002375383963014E-4
6316198,1001,1.5848141556043684E-4,51736919804,7563250,1.461867082279462E-4
6634264,1079,1.6264049787587592E-4,54343047146,8489875,1.5622743747127014E-4
6807074,1042,1.53076050003276E-4,55758452762,8107950,1.454120334832113E-4
6230112,1535,2.4638401364213033E-4,51032249036,11705999,2.2938434462769147E-4
7441090,641,8.614329352285754E-5,60952440924,4944908,8.112731705307219E-5
6715848,1396,2.0786652705659806E-4,55011062126,10561202,1.9198324103995867E-4
7208102,1464,2.0310478403330032E-4,59043425689,11505437,1.948639813110218E-4
7466680,606,8.116056935612614E-5,61162375043,4664792,7.626898067186622E-5
6340143,632,9.96822942321648E-5,51933725858,4917443,9.468689023863873E-5
6684497,1871,2.79901389738076E-4,54753978824,14219739,2.597023870303128E-4
6324563,9173,0.0014503768876995928,51805382141,73909931,0.0014266844089449529
Trace: hadoop-bayes; beginning 7 sim with cache size 32
java CacheSim newTopology.txt hadoop-bayes 7 32
27480947,3991,1.4522789189178961E-4,225102253081,30421070,1.3514333856557797E-4
39388672,3819,9.695681032353668E-5,322639715559,28003426,8.679472690298448E-5
40176068,5576,1.3878909205350807E-4,329091841330,41726473,1.2679279082509486E-4
6870786,2137,3.110270062260708E-4,56279232850,16538615,2.938671009265543E-4
6946004,758,1.091274925842254E-4,56897098662,5981537,1.0512903365307981E-4
6877585,7749,0.00112670363216158,56332750084,62781669,0.0011144790358429823
6207276,669,1.0777674458168124E-4,50845271689,5080990,9.993043268759315E-5
6142695,1257,2.0463330834430163E-4,50315935807,9694177,1.9266613736818023E-4
6316198,1029,1.6291446214953997E-4,51736919804,7788444,1.5053938327804823E-4
6634264,1079,1.6264049787587592E-4,54343047146,8489875,1.5622743747127014E-4
6807074,1042,1.53076050003276E-4,55758452762,8107950,1.454120334832113E-4
6230112,1535,2.4638401364213033E-4,51032249036,11705999,2.2938434462769147E-4
7441090,749,1.006572961756947E-4,60952440924,5803177,9.520827897993174E-5
6715848,1471,2.1903414133256143E-4,55011062126,11162834,2.0291980500998334E-4
7208102,1492,2.0698930176071316E-4,59043425689,11706425,1.9826805208866715E-4
7466680,617,8.263378101110534E-5,61162375043,4748587,7.763902230188939E-5
6340143,641,1.0110182057407853E-4,51933725858,4983886,9.596627081267403E-5
6684497,1882,2.815469885019022E-4,54753978824,14286085,2.6091409805889873E-4
6324563,15328,0.0024235666559096654,51805382141,124315448,0.002399662792982543
Trace: hadoop-bayes; beginning 7 sim with cache size 64
java CacheSim newTopology.txt hadoop-bayes 7 64
27480947,171468,0.006239522968404255,225102253081,1402113322,0.006228784042847712
39388672,132659,0.0033679480232286074,322639715559,1083094963,0.003356979661116575
40176068,256531,0.006385169399852669,329091841330,2097352579,0.006373152766485206
6870786,140205,0.02040596228728416,56279232850,1147247941,0.020384925005245517
6946004,15208,0.00218946029976372,56897098662,124302471,0.002184689095281025
6877585,21960,0.0031929812572291,56332750084,179125528,0.0031797760225250643
6207276,122195,0.019685768765558356,50845271689,1000403646,0.019675450887922583
6142695,58544,0.009530670170014953,50315935807,478856956,0.009517003874016808
6316198,132387,0.020959919242556992,51736919804,1083566210,0.020943771181295274
6634264,130055,0.019603531002082522,54343047146,1064868376,0.019595301182487725
6807074,79174,0.011631135492283468,55758452762,647987558,0.011621333195271349
6230112,44130,0.007083339753763657,51032249036,360571765,0.007065566809443174
7441090,124538,0.016736526503509565,60952440924,1019613679,0.01672802046223759
6715848,23239,0.003460322508788168,55011062126,189452104,0.0034438910407886643
7208102,158452,0.0219824858194293,59043425689,1297377929,0.02197328345807188
7466680,50883,0.006814675330936909,61162375043,416489608,0.006809572187266901
6340143,58681,0.00925546947442668,51933725858,480257570,0.00924750847480395
6684497,60118,0.008993646043973092,54753978824,491258699,0.008972109599178012
6324563,68721,0.01086573096038414,51805382141,561658276,0.010841697383320534
Trace: hadoop-bayes; beginning 7 sim with cache size 128
java CacheSim newTopology.txt hadoop-bayes 7 128
27480947,228486,0.008314342296864806,225102253081,1869070471,0.008303206411387808
39388672,226047,0.00573888350437405,322639715559,1847811517,0.0057271669540078585
40176068,326245,0.008120381516678038,329091841330,2668221927,0.008107833716620202
6870786,167037,0.024311192343932704,56279232850,1366837415,0.02428671013769869
6946004,31364,0.004515401949091881,56897098662,256576523,0.004509483418903403
6877585,22776,0.00331162755531193,56332750084,185730465,0.0032970246388299867
6207276,160108,0.02579360092897432,50845271689,1310893294,0.025782009820268147
6142695,88213,0.01436063486792035,50315935807,721909046,0.01434752299488321
6316198,190379,0.030141392020959445,51736919804,1558479589,0.0301231614658186
6634264,150263,0.02264953580382089,54343047146,1230348558,0.022640404294858568
6807074,142681,0.0209606947125887,55758452762,1168208812,0.020951241545141067
6230112,62570,0.01004315813263068,51032249036,511589246,0.010024822649676019
7441090,186908,0.025118363035523023,60952440924,1530463521,0.02510914243628561
6715848,30589,0.004554748707832577,55011062126,249541158,0.004536199599790291
7208102,193695,0.026871845043258267,59043425689,1585897239,0.026859844605789163
7466680,91347,0.012233951367943986,61162375043,747956564,0.01222903073129766
6340143,79011,0.012462021755660717,51933725858,646758214,0.012453530019556102
6684497,103048,0.015415969219523921,54753978824,842846803,0.015393343481196654
6324563,75261,0.011899794499635786,51805382141,615231160,0.011875815495878595
Trace: hadoop-bayes; beginning 7 sim with cache size 256
java CacheSim newTopology.txt hadoop-bayes 7 256
27480947,386789,0.014074806082919923,225102253081,3165488375,0.014062446429005497
39388672,530405,0.013465927462596353,322639715559,4339979503,0.013451473249288689
40176068,662707,0.016495068656295582,329091841330,5423330616,0.016479687232846662
6870786,373385,0.054343855273617896,56279232850,3056747899,0.05431395817258373
6946004,64600,0.009300311373273036,56897098662,528502810,0.009288747975351026
6877585,38360,0.005577539208893819,56332750084,313148846,0.005558912808855441
6207276,303889,0.048956901545863275,50845271689,2488540731,0.0489434051256801
6142695,135970,0.022135235430051466,50315935807,1112952690,0.022119288296038507
6316198,215744,0.034157257261409474,51736919804,1766006577,0.03413435866863227
6634264,246493,0.03715453590631907,54343047146,2018536304,0.03714433418827117
6807074,194683,0.02860010042494029,55758452762,1594075498,0.028588947846242607
6230112,112327,0.018029691922071385,51032249036,919088816,0.018009961021934216
7441090,264254,0.03551280793539656,60952440924,2163935166,0.03550202638641091
6715848,69039,0.010280012293309795,55011062126,564306282,0.010258051020856234
7208102,225931,0.031344034809718285,59043425689,1849829438,0.031329981558719584
7466680,252504,0.03381743961171498,61162375043,2067860467,0.03380935527023268
6340143,304259,0.04798929614048138,51933725858,2491837538,0.04798110470281522
6684497,174346,0.026082142007094924,54753978824,1426758916,0.026057629904598218
6324563,153430,0.02425938361274921,51805382141,1255377175,0.024232562778577882
Trace: hadoop-bayes; beginning 7 sim with cache size 512
java CacheSim newTopology.txt hadoop-bayes 7 512
27480947,753487,0.027418523823069123,225102253081,6168879758,0.027404789039495808
39388672,923962,0.023457556527927623,322639715559,7562840889,0.023440514370330238
40176068,1087883,0.027077886268014082,329091841330,8905407787,0.027060554740614237
6870786,550295,0.0800920011189404,56279232850,4505717688,0.08006004097477672
6946004,151316,0.021784611699043076,56897098662,1238670168,0.02177035731397098
6877585,119893,0.017432427225545014,56332750084,980860549,0.017411905996731918
6207276,388307,0.0625567479196994,50845271689,3179935853,0.06254142710556025
6142695,165361,0.02691994311942885,50315935807,1353521860,0.02690046082401784
6316198,265520,0.042037947512095095,51736919804,2173546482,0.0420115169251331
6634264,282672,0.0426078913953379,54343047146,2314752842,0.042595197795609455
6807074,261966,0.03848437669400979,55758452762,2145044974,0.03847031019953035
6230112,173839,0.02790302967266078,51032249036,1422864057,0.02788166470962822
7441090,385660,0.05182842836197385,60952440924,3158315718,0.051816066266124124
6715848,103846,0.015462827628022553,55011062126,849313663,0.015438961368436968
7208102,377415,0.052359830646125705,59043425689,3090598864,0.05234450453940699
7466680,398952,0.053430976016114254,61162375043,3267440346,0.05342239152261234
6340143,345840,0.05454766556527195,51933725858,2832270144,0.05453624012542728
6684497,258222,0.03862998218115739,54753978824,2113692136,0.038603443647341244
6324563,256108,0.040494181179000034,51805382141,2096255003,0.04046403899298669
Trace: hadoop-bayes; beginning 7 sim with cache size 1024
java CacheSim newTopology.txt hadoop-bayes 7 1024
27480947,1107622,0.04030508846729336,225102253081,9068869879,0.0402877792419816
39388672,1574811,0.03998131747117547,322639715559,12893317846,0.03996196755771762
40176068,1855432,0.046182518408720334,329091841330,15192120211,0.04616377042226932
6870786,592993,0.0863064284057166,56279232850,4855354198,0.08627257253027748
6946004,199373,0.028703265935349304,56897098662,1632236715,0.028687521040332516
6877585,134388,0.01953999841514136,56332750084,1099486038,0.01951770571045285
6207276,439591,0.0708186650633869,50845271689,3599932057,0.07080170756131132
6142695,236892,0.038564831885678844,50315935807,1939370478,0.03854386183810563
6316198,316415,0.05009580130325237,51736919804,2590318095,0.05006711077530618
6634264,389669,0.058735829626315746,54343047146,3191062207,0.05872070806826082
6807074,303645,0.04460727178814275,55758452762,2486354483,0.04459152576583829
6230112,195528,0.031384347504507144,51032249036,1600421974,0.03136099239661188
7441090,472371,0.0634814254363272,60952440924,3868490745,0.06346736383902196
6715848,151573,0.022569450648674598,55011062126,1240107048,0.022542866835757486
7208102,434841,0.0603266990394975,59043425689,3560854227,0.06030907227090991
7466680,451947,0.06052850798480717,61162375043,3701361838,0.06051697363612466
6340143,376393,0.05936664204577089,51933725858,3082395289,0.05935247737526192
6684497,325075,0.04863118346825498,54753978824,2661224384,0.04860330593607054
6324563,305959,0.04837630678989204,51805382141,2504510490,0.04834460024217969
Trace: hadoop-bayes; beginning 7 sim with cache size 2048
java CacheSim newTopology.txt hadoop-bayes 7 2048
27480947,1480287,0.05386593846274657,225102253081,12120778624,0.0538456566209424
39388672,2184341,0.05545607122778854,322639715559,17885272582,0.055434193992553844
40176068,2278961,0.056724341466168365,329091841330,18660320066,0.05670246940971164
6870786,619349,0.0901423796345862,56279232850,5071121071,0.09010643561037808
6946004,238014,0.03426632060678341,56897098662,1948698456,0.034249522415480946
6877585,162956,0.02369378204704122,56332750084,1333386886,0.023669834758852246
6207276,467737,0.0753530211964153,50845271689,3830354207,0.07533353800189584
6142695,247881,0.040353786082493105,50315935807,2029265169,0.04033046660969956
6316198,396817,0.062825294583862,51736919804,3248854022,0.06279565993313768
6634264,431526,0.06504504493640892,54343047146,3533844619,0.06502845910546468
6807074,337102,0.04952230576603105,55758452762,2760276022,0.04950417174920532
6230112,249500,0.04004743413922575,51032249036,2042462371,0.040022973895568914
7441090,490695,0.06594396788642524,60952440924,4018473202,0.0659280111031243
6715848,237881,0.03542084335440588,55011062126,1946985566,0.03539261906160855
7208102,509916,0.0707420621961232,59043425689,4175661444,0.07072186945917572
7466680,501987,0.06723028173163977,61162375043,4111165286,0.06721722763561191
6340143,397922,0.06276230678077765,51933725858,3258680728,0.06274690818274932
6684497,365656,0.054702096507785104,54753978824,2993525137,0.05467228503379311
6324563,362559,0.05732554170145827,51805382141,2968020184,0.057291734204794886
Trace: hadoop-terasort-sort; beginning 7 sim with cache size 1
java CacheSim newTopology.txt hadoop-terasort-sort 7 1
128225309,155817,0.001215181318065687,1050381730539,1261379935,0.0012008776412673582
184766899,239180,0.0012944959367424357,1513549886002,1936984061,0.0012797622852831693
184847809,206469,0.0011169675265125809,1514218070458,1671973123,0.0011041825187664577
26131218,75873,0.002903538595101078,214051877686,614741735,0.002871928719549873
31295416,15417,4.926280577321611E-4,256364628547,124891268,4.871626351413895E-4
31031446,47743,0.0015385361030227208,254198553512,386852144,0.0015218502963736881
33291870,21351,6.413277475852213E-4,272718307744,172899178,6.339844927547E-4
32837659,45023,0.0013710782489092781,268994958659,364580391,0.001355342839202321
29560145,50166,0.001697082338398543,242145625905,406508745,0.0016787779811454613
32779197,45628,0.0013919804075737427,268516927615,369824981,0.0013772873996616543
31526775,24923,7.905343949706242E-4,258258305575,201632364,7.807391268639938E-4
32740894,52806,0.0016128453914544911,268202304801,427777201,0.0015949795857175834
31030814,19796,6.379465263141341E-4,254196674394,160243525,6.30391901790287E-4
30403744,75334,0.002477786946239253,249054542612,610389392,0.002450826174854881
29605413,17863,6.033693905908356E-4,242520245480,144657683,5.964767300713025E-4
30809970,40845,0.0013257072304841582,252385382623,330761284,0.0013105405731601888
31828795,24403,7.666956917470485E-4,260732602625,197778931,7.585508256689194E-4
28679558,15285,5.329580044434437E-4,234935842097,123763050,5.267950981651445E-4
33424104,16456,4.923393010026536E-4,273802917220,133158037,4.8632804336780616E-4
Trace: hadoop-terasort-sort; beginning 7 sim with cache size 8
java CacheSim newTopology.txt hadoop-terasort-sort 7 8
128225309,159709,0.001245534140221881,1050381730539,1293192986,0.0012311647741020803
184766899,245571,0.0013290854656818156,1513549886002,1989398627,0.0013143925055915675
184847809,212102,0.0011474412444888648,1514218070458,1718043367,0.0011346076239074005
26131218,77265,0.002956808213072961,214051877686,626037367,0.0029246992540675376
31295416,16273,5.199803063809729E-4,256364628547,131847332,5.142961131076165E-4
31031446,53474,0.0017232197300763876,254198553512,433343415,0.001704743827267857
33291870,22990,6.905589863230873E-4,272718307744,186210411,6.827939515332988E-4
32837659,47446,0.0014448654820369503,268994958659,384139290,0.0014280538635929097
29560145,52522,0.0017767842478445218,242145625905,425490953,0.0017571696841921526
32779197,48911,0.0014921353930665232,268516927615,396573297,0.0014769024080619878
31526775,26722,8.47597002865025E-4,258258305575,216299493,8.37531604330863E-4
32740894,54065,0.0016512988313636151,268202304801,437980333,0.0016330222565573082
31030814,20060,6.464541987200207E-4,254196674394,162429791,6.38992588660845E-4
30403744,76450,0.0025144929519206583,249054542612,619455674,0.00248722897202901
29605413,19506,6.588659985928924E-4,242520245480,158077302,6.518107454787159E-4
30809970,43950,0.0014264862964813013,252385382623,355973261,0.0014104353322701502
31828795,25496,8.01035665974788E-4,260732602625,206637817,7.925277273329638E-4
28679558,16228,5.65838566968152E-4,234935842097,131421182,5.593917932102459E-4
33424104,17564,5.254890303117774E-4,273802917220,142144115,5.191475549027389E-4
Trace: hadoop-terasort-sort; beginning 7 sim with cache size 16
java CacheSim newTopology.txt hadoop-terasort-sort 7 16
128225309,160436,0.0012512038477520847,1050381730539,1299182320,0.0012368668287226672
184766899,246399,0.0013335667878476437,1513549886002,1996160206,0.0013188598700719417
184847809,214262,0.0011591265331146014,1514218070458,1735691388,0.0011462624980264644
26131218,77553,0.002967829513343006,214051877686,628360075,0.0029355503992436957
31295416,16340,5.221211950018495E-4,256364628547,132411699,5.164975361479113E-4
31031446,53592,0.0017270223243866882,254198553512,434303828,0.001708522027366681
33291870,23136,6.949444413906458E-4,272718307744,187421220,6.8723373047596E-4
32837659,47678,0.0014519305410900332,268994958659,386017997,0.001435038035375778
29560145,52690,0.0017824675758525543,242145625905,426834431,0.0017627179074771236
32779197,48962,0.0014936912579036027,268516927615,396987664,0.0014784455770669384
31526775,27044,8.578105435776415E-4,258258305575,218933105,8.477291931136763E-4
32740894,54112,0.0016527343450059733,268202304801,438357165,0.0016344272854972332
31030814,20071,6.468086850702659E-4,254196674394,162526650,6.39373628264258E-4
30403744,76450,0.0025144929519206583,249054542612,619478327,0.002487319928009023
29605413,20051,6.7727479430873E-4,242520245480,162541369,6.702177324548534E-4
30809970,44023,0.001428855659385582,252385382623,356569389,0.00141279730741231
31828795,25806,8.107752744016856E-4,260732602625,209164466,8.022183029440007E-4
28679558,16248,5.66535927785219E-4,234935842097,131583653,5.600833479706852E-4
33424104,17625,5.273140605354746E-4,273802917220,142648435,5.209894636929026E-4
Trace: hadoop-terasort-sort; beginning 7 sim with cache size 32
java CacheSim newTopology.txt hadoop-terasort-sort 7 32
128225309,160577,0.001252303474659593,1050381730539,1300337392,0.0012379664975063266
184766899,246506,0.001334145895905305,1513549886002,1997006014,0.0013194186940709539
184847809,214435,0.0011600624381758293,1514218070458,1737139983,0.0011472191601006145
26131218,77638,0.002971082327658818,214051877686,629056395,0.002938803442419619
31295416,16560,5.291509785330861E-4,256364628547,134226956,5.23578298460124E-4
31031446,53759,0.001732403962097029,254198553512,435638961,0.0017137743507239693
33291870,23257,6.985789623712937E-4,272718307744,188395943,6.908078322957577E-4
32837659,47790,0.0014553412592535906,268994958659,386932429,0.0014384374745495033
29560145,52749,0.0017844635065220418,242145625905,427294857,0.0017646193500420232
32779197,49065,0.0014968334947314298,268516927615,397821402,0.001481550550773458
31526775,27108,8.598405640919504E-4,258258305575,219452785,8.497414420473281E-4
32740894,54158,0.0016541393158048768,268202304801,438715565,0.0016357635901955315
31030814,20159,6.496445758722282E-4,254196674394,163243962,6.421955062518834E-4
30403744,76450,0.0025144929519206583,249054542612,619478327,0.002487319928009023
29605413,20066,6.777814584110007E-4,242520245480,162664249,6.707244118034446E-4
30809970,44062,0.0014301214834029374,252385382623,356885805,0.0014140510091786784
31828795,25887,8.133201398293589E-4,260732602625,209824434,8.04749509219532E-4
28679558,16379,5.711036411370077E-4,234935842097,132625720,5.64518886587095E-4
33424104,17799,5.325198844522504E-4,273802917220,144043336,5.260840076596464E-4
Trace: hadoop-terasort-sort; beginning 7 sim with cache size 64
java CacheSim newTopology.txt hadoop-terasort-sort 7 64
128225309,161315,0.0012580589686861272,1050381730539,1306344166,0.001243685155614477
184766899,247039,0.0013370306117439358,1513549886002,2001498567,0.0013223869166855827
184847809,214375,0.0011597378468251145,1514218070458,1736719002,0.001146941141360637
26131218,77697,0.0029733401634780285,214051877686,629539723,0.0029410614370946717
31295416,16613,5.30844517292884E-4,256364628547,134646796,5.25215965880858E-4
31031446,53957,0.0017387845864482113,254198553512,437244127,0.0017200889657279616
33291870,23472,7.050369955187258E-4,272718307744,190146983,6.972285233541801E-4
32837659,47923,0.0014593914870728148,268994958659,388005581,0.00144242696195607
29560145,52860,0.001788218562527349,242145625905,428171019,0.0017682376768101628
32779197,49142,0.001499182545563883,268516927615,398411226,0.0014837471497187791
31526775,27207,8.629807520750219E-4,258258305575,220263793,8.528817398905836E-4
32740894,54173,0.0016545974584566932,268202304801,438833027,0.0016362015506376953
31030814,20160,6.496768019040686E-4,254196674394,163252154,6.422277332667314E-4
30403744,76565,0.00251827538082152,249054542612,620403346,0.0024910340501860316
29605413,20128,6.798756700337198E-4,242520245480,163172153,6.728186864442885E-4
30809970,44187,0.001434178611663692,252385382623,357887277,0.001418019036128543
31828795,26036,8.180014354926098E-4,260732602625,211039922,8.094113274492536E-4
28679558,16537,5.766127915918369E-4,234935842097,133848682,5.697244013739578E-4
33424104,17997,5.384437530472021E-4,273802917220,145660232,5.31989335537146E-4
Trace: hadoop-terasort-sort; beginning 7 sim with cache size 128
java CacheSim newTopology.txt hadoop-terasort-sort 7 128
128225309,161334,0.0012582071453616072,1050381730539,1306495718,0.0012438294383981488
184766899,246990,0.0013367654127268759,1513549886002,2001112182,0.0013221316327312357
184847809,214426,0.001160013749473222,1514218070458,1737131674,0.0011472136727800218
26131218,77743,0.0029751005100489385,214051877686,629908524,0.0029427843885772133
31295416,16670,5.326658702987044E-4,256364628547,135110668,5.270253886652301E-4
31031446,53957,0.0017387845864482113,254198553512,437244127,0.0017200889657279616
33291870,23472,7.050369955187258E-4,272718307744,190146983,6.972285233541801E-4
32837659,47937,0.0014598178268432594,268994958659,388112518,0.0014428245047224217
29560145,52867,0.0017884553678610168,242145625905,428228363,0.0017684744929813644
32779197,49150,0.0014994266027932288,268516927615,398473178,0.0014839778688788346
31526775,27246,8.642177958259289E-4,258258305575,220575089,8.540871067395099E-4
32740894,54201,0.0016554526580734173,268202304801,439051651,0.0016370166965036573
31030814,20160,6.496768019040686E-4,254196674394,163252154,6.422277332667314E-4
30403744,76652,0.002521136870511737,249054542612,621099666,0.0024938299036271986
29605413,20128,6.798756700337198E-4,242520245480,163172153,6.728186864442885E-4
30809970,44201,0.0014346330100288966,252385382623,358001965,0.0014184734523027607
31828795,26036,8.180014354926098E-4,260732602625,211039922,8.094113274492536E-4
28679558,16538,5.766476596326903E-4,234935842097,133851456,5.697362088528645E-4
33424104,17997,5.384437530472021E-4,273802917220,145660232,5.31989335537146E-4
Trace: hadoop-terasort-sort; beginning 7 sim with cache size 256
java CacheSim newTopology.txt hadoop-terasort-sort 7 256
128225309,163411,0.001274405195623276,1050381730539,1323399699,0.0012599226172002266
184766899,252735,0.0013678586444209361,1513549886002,2047660606,0.0013528861023595585
184847809,218578,0.0011824754709426932,1514218070458,1770557264,0.0011692881616876135
26131218,78993,0.00302293601469323,214051877686,640051495,0.0029901699621570866
31295416,18024,5.759309925773155E-4,256364628547,146074358,5.697913898181152E-4
31031446,54973,0.0017715255679674096,254198553512,445461576,0.0017524158569964916
33291870,24734,7.429441482259783E-4,272718307744,200090818,7.336904502495841E-4
32837659,50699,0.0015439285729838415,268994958659,410518327,0.0015261190360091714
29560145,53666,0.0018154850052325522,242145625905,434614490,0.0017948475772612573
32779197,51092,0.0015586714952169206,268516927615,414192658,0.001542519727448506
31526775,28295,8.974911008182727E-4,258258305575,229077386,8.870087856031191E-4
32740894,54314,0.0016589039993837676,268202304801,439932686,0.0016403016608168973
31030814,21240,6.844809162917866E-4,254196674394,172021411,6.767256550861484E-4
30403744,80071,0.0026335901262686595,249054542612,648879555,0.00260537129013898
29605413,20730,7.002097893381862E-4,242520245480,168022369,6.9281790750066E-4
30809970,45468,0.0014757560620799047,252385382623,368288547,0.0014592308919495946
31828795,26861,8.439213611448375E-4,260732602625,217681659,8.348846933924936E-4
28679558,17876,6.233010982944717E-4,234935842097,144673110,6.157983758828402E-4
33424104,19132,5.724012826192738E-4,273802917220,154854995,5.65571019375131E-4
Trace: hadoop-terasort-sort; beginning 7 sim with cache size 512
java CacheSim newTopology.txt hadoop-terasort-sort 7 512
128225309,165748,0.0012926309267073009,1050381730539,1342065399,0.001277693013863944
184766899,256813,0.0013899296973101227,1513549886002,2080051435,0.0013742866715113025
184847809,222540,0.0012039093198015671,1514218070458,1802186924,0.0011901766061046275
26131218,79320,0.003035449782708177,214051877686,642649121,0.003002305459533151
31295416,19227,6.143711270685777E-4,256364628547,155783438,6.076635411169439E-4
31031446,55339,0.0017833200554044435,254198553512,448375606,0.0017638794548798778
33291870,25619,7.695272149026174E-4,272718307744,207198862,7.597541350047429E-4
32837659,51738,0.0015755690745189845,268994958659,418879472,0.0015572019419553727
29560145,54926,0.0018581099652927955,242145625905,444830950,0.0018370389650338706
32779197,51707,0.0015774333947228786,268516927615,419113044,0.0015608440321532538
31526775,29072,9.221368186248038E-4,258258305575,235308452,9.111360483686934E-4
32740894,54766,0.0016727093646251687,268202304801,443536883,0.0016537400128947223
31030814,21624,6.968557125185307E-4,254196674394,175080864,6.887614262357657E-4
30403744,81418,0.002677893880437883,249054542612,659756036,0.002649042370722097
29605413,21403,7.229421187267342E-4,242520245480,173400643,7.14994505538301E-4
30809970,46200,0.0014995146051748833,252385382623,374096564,0.001482243385540302
31828795,27496,8.638718493741281E-4,260732602625,222743338,8.542979886576047E-4
28679558,34961,0.001219021576273944,234935842097,284564510,0.0012112434929469355
33424104,20301,6.073760421520948E-4,273802917220,164244218,5.998629220887013E-4
Trace: hadoop-terasort-sort; beginning 7 sim with cache size 1024
java CacheSim newTopology.txt hadoop-terasort-sort 7 1024
128225309,167867,0.001309156525409504,1050381730539,1359133059,0.0012939420207761661
184766899,260636,0.0014106206328656304,1513549886002,2110605622,0.0013944737742177143
184847809,225931,0.0012222541409728043,1514218070458,1829323298,0.0012080976536270574
26131218,79642,0.0030477722087045465,214051877686,645204754,0.0030142447754953725
31295416,20017,6.396144406580184E-4,256364628547,162181543,6.326205916908184E-4
31031446,55719,0.001795565698098632,254198553512,451422424,0.0017758654318176111
33291870,26214,7.873994461710922E-4,272718307744,211958865,7.772080530763826E-4
32837659,52370,0.0015948152698704863,268994958659,423890210,0.0015758295698669873
29560145,55326,0.0018716416986452537,242145625905,448063808,0.001850389848362518
32779197,52227,0.0015932971146303554,268516927615,423259027,0.0015762843361848287
31526775,29509,9.359980524490691E-4,258258305575,238808550,9.24688750932149E-4
32740894,55611,0.00169851806734416,268202304801,450350683,0.0016791454619830726
31030814,22020,7.096172211273607E-4,254196674394,178266695,7.012943636063862E-4
30403744,82357,0.0027087782346805708,249054542612,667329027,0.002679449328654191
29605413,21856,7.382433746153111E-4,242520245480,177012907,7.298891960531097E-4
30809970,47224,0.0015327505998869845,252385382623,382299951,0.0015147468012086085
31828795,27859,8.752766166611083E-4,260732602625,225583021,8.651891582751004E-4
28679558,35332,0.0012319576194305365,234935842097,287576636,0.001224064550700892
33424104,20673,6.185057346638223E-4,273802917220,167141631,6.104450335921808E-4
Trace: hadoop-terasort-sort; beginning 7 sim with cache size 2048
java CacheSim newTopology.txt hadoop-terasort-sort 7 2048

128225309,169254,0.001319973422719535,1050381730539,1370228324,0.0013045050995859112
184766899,263976,0.0014286974638244051,1513549886002,2137466031,0.0014122204036802891
184847809,228793,0.001237737148401905,1514218070458,1852298914,0.0012232709080269672
26131218,79839,0.003055311084236487,214051877686,646776479,0.0030215875048233798
31295416,20510,6.553675464802896E-4,256364628547,166151736,6.481071001943584E-4
31031446,56078,0.0018071346079070888,254198553512,454309931,0.001787224690004199
33291870,26600,7.989938684729935E-4,272718307744,215058601,7.885741253640917E-4
32837659,52667,0.0016038597635720621,268994958659,426267267,0.0015846663786006905
29560145,55690,0.0018839555759959906,242145625905,450960756,0.0018623535086151983
32779197,52499,0.0016015950604281123,268516927615,425430298,0.0015843704967829165
31526775,29760,9.439595391536242E-4,258258305575,240813038,9.324503135101157E-4
32740894,56105,0.001713606232010647,268202304801,454314440,0.0016939244438525275
31030814,22450,7.234744148187669E-4,254196674394,181711224,7.148450090198704E-4
30403744,82782,0.002722756776270712,249054542612,670717133,0.0026930532001775394
29605413,22192,7.49592650506176E-4,242520245480,179708524,7.410042144907036E-4
30809970,47597,0.0015448570706170762,252385382623,385293257,0.0015266068620762034
31828795,28262,8.879381076160753E-4,260732602625,228820753,8.776069839225386E-4
28679558,35628,0.001242278559523128,234935842097,289942334,0.0012341340998121904
33424104,21032,6.292464863082044E-4,273802917220,170005866,6.209059703458188E-4
Trace: hadoopWordCount-sort; beginning 7 sim with cache size 1
java CacheSim newTopology.txt hadoopWordCount-sort 7 1
216591663,302870,0.0013983456048352147,1774227896484,2456997866,0.0013848265326393808
311510784,475387,0.0015260691584917973,2551760361178,3856907708,0.001511469402330354
314876269,362789,0.0011521636773459101,2579340178311,2942177417,0.0011406705644102333
53532215,156504,0.002923547998154009,438506615607,1270271818,0.002896813349649547
49658967,36370,7.323954201463755E-4,406784842559,294760241,7.24609695744128E-4
55343811,146794,0.002652401367878334,453347513939,1191201406,0.002627567968003199
54749759,37432,6.836925072126801E-4,448492874045,303691440,6.771377151680872E-4
52509069,48116,9.163369474328329E-4,430134071095,390300269,9.073921254515032E-4
51529185,145440,0.0028224781742618287,422099564301,1180319304,0.0027963054308161096
51256005,98002,0.0019120101147172901,419864770492,795478234,0.0018946058109801734
49747225,34946,7.024713438789802E-4,407511508713,283818193,6.964666934103349E-4
52171255,44575,8.543976946692196E-4,427366427607,361545052,8.459837475405803E-4
55669185,49188,8.835767938761812E-4,456020631358,398993686,8.749465672459217E-4
52063226,33784,6.489033161333491E-4,426483955233,274214180,6.429648211506321E-4
55123084,35686,6.47387580854511E-4,451550394425,289338822,6.407675102763254E-4
52287315,92721,0.001773298169928978,428315404774,752789682,0.0017575592042906054
53426871,86703,0.001622835071138641,437651143836,703922817,0.0016084107785715725
52823927,47824,9.053473059661013E-4,432713063534,387970576,8.966000999170565E-4
51429721,91361,0.0017764241808739347,421288698571,740887702,0.0017586223046406686
Trace: hadoopWordCount-sort; beginning 7 sim with cache size 8
java CacheSim newTopology.txt hadoopWordCount-sort 7 8
216591663,362215,0.0016723404538428609,1774227896484,2938423941,0.0016561705217368612
311510784,551600,0.0017707252150859728,2551760361178,4475263733,0.0017537946748784944
314876269,432952,0.0013749908857056483,2579340178311,3510939429,0.0013611773501310822
53532215,200998,0.003754711065103508,438506615607,1630794532,0.0037189736117038577
49658967,68003,0.0013694002132585642,406784842559,551149540,0.0013548920272762163
55343811,179763,0.0032481138676915475,453347513939,1458430062,0.0032170245058324915
54749759,65041,0.0011879686995517186,448492874045,527684784,0.0011765733962298232
52509069,81923,0.0015601685872587076,430134071095,664463778,0.0015447829471133562
51529185,187782,0.003644187269796718,422099564301,1523738304,0.0036099025748186258
51256005,139475,0.0027211445761330796,419864770492,1131447878,0.002694791174487354
49747225,70329,0.0014137270973406055,407511508713,570668559,0.0014003740920159077
52171255,86719,0.0016621988487721831,427366427607,702982032,0.001644916368223599
55669185,88127,0.0015830481441393475,456020631358,714465733,0.0015667399320780009
52063226,76805,0.0014752255267470363,426483955233,622837638,0.0014604011015132482
55123084,59390,0.001077407062347963,451550394425,481442798,0.0010661994850277225
52287315,124242,0.002376140369800974,428315404774,1008068151,0.002353565012521335
53426871,123145,0.0023049262982292188,437651143836,999191620,0.002283077821394715
52823927,84221,0.001594372186679722,432713063534,682919322,0.0015782267270198565
51429721,132606,0.002578392365768424,421288698571,1075685527,0.002553321583628273
Trace: hadoopWordCount-sort; beginning 7 sim with cache size 16
java CacheSim newTopology.txt hadoopWordCount-sort 7 16
216591663,388882,0.0017954615363011456,1774227896484,3154930821,0.001778199309824938
311510784,578331,0.0018565360485240858,2551760361178,4692087541,0.0018387649609988984
314876269,452617,0.0014374439885147395,2579340178311,3670722853,0.0014231247525495678
53532215,204737,0.003824556857959268,438506615607,1660989732,0.0037878327780774424
49658967,71139,0.0014325509429142977,406784842559,576631268,0.0014175338106811723
55343811,183966,0.003324057318712656,453347513939,1492585017,0.003292363961657975
54749759,67656,0.0012357314668727582,448492874045,548876976,0.0012238254112035855
52509069,84572,0.001610617015510216,430134071095,686042530,0.0015949504494111087
51529185,189745,0.0036822821862988906,422099564301,1539697856,0.003647712497760454
51256005,142240,0.002775089474882016,419864770492,1153899517,0.002748264674952018
49747225,74242,0.0014923847511092328,407511508713,602290266,0.0014779711814818406
52171255,89960,0.0017243211803127988,427366427607,729165200,0.001706182687495822
55669185,90574,0.0016270042394189892,456020631358,734341734,0.0016103256815665943
52063226,78869,0.0015148696317819415,426483955233,639433606,0.0014993145654228885
55123084,61081,0.0011080838655544017,451550394425,495214952,0.0010966991904205997
52287315,125879,0.002407448154490243,428315404774,1021339565,0.002384550155367184
53426871,124416,0.0023287158254130212,437651143836,1009464900,0.002306551494763771
52823927,86725,0.0016417749479322127,432713063534,703167177,0.001625019525080156
51429721,134299,0.00261131107438829,421288698571,1089411774,0.002585903153099657
Trace: hadoopWordCount-sort; beginning 7 sim with cache size 32
java CacheSim newTopology.txt hadoopWordCount-sort 7 32
216591663,404873,0.0018692917095336212,1774227896484,3284803205,0.0018513986909514373
311510784,589694,0.0018930131163613264,2551760361178,4784029510,0.0018747957616958555
314876269,463289,0.0014713366665304332,2579340178311,3757292325,0.0014566873949369273
53532215,206180,0.003851512589195123,438506615607,1672711198,0.003814563198059304
49658967,71838,0.0014466269505767205,406784842559,582339117,0.0014315654274053675
55343811,185774,0.003356725831547813,453347513939,1507224121,0.003324655092743718
54749759,68782,0.001256297767447707,448492874045,557962416,0.0012440831243709265
52509069,86114,0.0016399833712534497,430134071095,698513847,0.001623944472061422
51529185,190698,0.003700776559924245,422099564301,1547416923,0.0036659998111169194
51256005,143661,0.002802813055758052,419864770492,1165441094,0.0027757534708957106
49747225,74876,0.0015051291805723837,407511508713,607428086,0.0014905789726488343
52171255,90549,0.0017356109221447712,427366427607,733938064,0.0017173507711160663
55669185,91115,0.0016367223626500011,456020631358,738715545,0.0016199169384072663
52063226,79508,0.0015271431701139688,426483955233,644612646,0.0015114581406651753
55123084,61301,0.0011120749339786577,451550394425,497016680,0.001100689283270135
52287315,126680,0.0024227673576277535,428315404774,1027854765,0.00239976137571411
53426871,124575,0.002331691855957651,437651143836,1010715196,0.002309408327237785
52823927,87471,0.0016558973360689371,432713063534,709183689,0.001638923685844018
51429721,135130,0.0026274690465460625,421288698571,1096158910,0.002601918621881246
Trace: hadoopWordCount-sort; beginning 7 sim with cache size 64
java CacheSim newTopology.txt hadoopWordCount-sort 7 64

216591663,415742,0.001919473696455251,1774227896484,3372979333,0.0019010970009457394
311510784,595790,0.001912582262320652,2551760361178,4833525845,0.0018941926987096236
314876269,469968,0.0014925481729459898,2579340178311,3811481381,0.0014776962779278803
53532215,207088,0.0038684743383026465,438506615607,1680067102,0.003831338096631399
49658967,72428,0.0014585079870872062,406784842559,587103277,0.0014432771715550013
55343811,186089,0.0033624175248791596,453347513939,1509767737,0.003330265834882567
54749759,69587,0.001271001028515943,448492874045,564525545,0.0012587168663539517
52509069,87061,0.0016580183510776015,430134071095,706183958,0.0016417763796349703
51529185,191264,0.0037117606265265014,422099564301,1551981614,0.003676814062980835
51256005,144068,0.0028107535887746224,419864770492,1168746054,0.0027836249576987764
49747225,75184,0.001511320480690129,407511508713,609917942,0.0014966888761650894
52171255,90921,0.0017427412854070694,427366427607,736951184,0.0017244012079434786
55669185,91540,0.0016443567478129956,456020631358,742133145,0.0016274113361712942
52063226,79646,0.0015297937934157211,426483955233,645748262,0.001514120880930233
55123084,61743,0.0011200933532673897,451550394425,500581224,0.0011085832947559163
52287315,127123,0.0024312397758423816,428315404774,1031442861,0.0024081386041770766
53426871,124753,0.0023350235127937774,437651143836,1012163132,0.0023127167522708123
52823927,87908,0.0016641701023098869,432713063534,712719561,0.001647095086936285
51429721,135774,0.0026399909888680903,421288698571,1101355705,0.0026142540940114678
Trace: hadoopWordCount-sort; beginning 7 sim with cache size 128
java CacheSim newTopology.txt hadoopWordCount-sort 7 128
216591663,424577,0.0019602647401991647,1774227896484,3444513632,0.0019414155525488113
311510784,597600,0.0019183926550677616,2551760361178,4848926439,0.0019002279809541094
314876269,473337,0.0015032476137476082,2579340178311,3839385601,0.00148851463381387
53532215,207313,0.0038726774148986737,438506615607,1681890334,0.00383549591759717
49658967,73646,0.0014830352794088528,406784842559,597022765,0.001467662268938666
55343811,186521,0.0033702232757335773,453347513939,1513233465,0.0033379105839843924
54749759,70004,0.001278617500398495,448492874045,567913449,0.0012662708414471215
52509069,87834,0.0016727396176077697,430134071095,712467222,0.0016563840669172275
51529185,191631,0.0037188828039876817,422099564301,1554956334,0.003683861499774394
51256005,144193,0.0028131923274160755,419864770492,1169738822,0.002785989452340317
49747225,75930,0.0015263162920142782,407511508713,615897639,0.0015113625648147304
52171255,91362,0.001751194216048665,427366427607,740522896,0.0017327587011139165
55669185,92715,0.0016654635773812748,456020631358,751600537,0.0016481722214229258
52063226,79883,0.0015343459508252524,426483955233,647660276,0.0015186040835842587
55123084,62316,0.001130488272390565,451550394425,505244008,0.0011189094600246622
52287315,127335,0.0024352942965229713,428315404774,1033159597,0.0024121467159117127
53426871,124905,0.0023378685231257505,437651143836,1013382178,0.00231550218084142
52823927,88347,0.0016724807301812302,432713063534,716264137,0.0016552866029747684
51429721,136245,0.0026491491174918096,421288698571,1105153721,0.0026232693275386972
Trace: hadoopWordCount-sort; beginning 7 sim with cache size 256
java CacheSim newTopology.txt hadoopWordCount-sort 7 256
216591663,471697,0.002177816973500037,1774227896484,3826405975,0.0021566597969645365
311510784,656116,0.002106238479371552,2551760361178,5322673431,0.0020858829504439946
314876269,552414,0.0017543843547002903,2579340178311,4480788140,0.001737183864958093
53532215,212968,0.003978314740012159,438506615607,1727670306,0.00393989564697555
49658967,83495,0.0016813680397338914,406784842559,677038596,0.001664365347884865
55343811,195097,0.00352518188528795,453347513939,1582926734,0.0034916409273901745
54749759,84253,0.0015388743537665618,448492874045,684175686,0.0015254995688768792
52509069,94788,0.0018051738833914576,430134071095,768795858,0.001787340063629144
51529185,199791,0.0038772396652498966,422099564301,1621179147,0.003840750581405325
51256005,150058,0.0029276179444730427,419864770492,1217232580,0.0028991062493136533
49747225,82564,0.0016596704640309083,407511508713,669543840,0.001643005965928542
52171255,96785,0.00185514034500416,427366427607,784541072,0.0018357573766216674
55669185,103114,0.0018522635098753466,456020631358,836043624,0.0018333460517133097
52063226,85938,0.0016506468500434453,426483955233,696689785,0.0016335662255321634
55123084,72350,0.00131251727497685,451550394425,586491843,0.0012988402850291675
52287315,132495,0.002533979799880717,428315404774,1074921663,0.0025096497838250314
53426871,131188,0.0024554685225717226,437651143836,1064303559,0.002431853712688625
52823927,105747,0.0020018769146034903,432713063534,858044269,0.0019829405241253597
51429721,143487,0.002789962636585176,421288698571,1163813529,0.00276250830593753
Trace: hadoopWordCount-sort; beginning 7 sim with cache size 512
java CacheSim newTopology.txt hadoopWordCount-sort 7 512
216591663,521078,0.002405808205092363,1774227896484,4226415374,0.0023821152752560803
311510784,761308,0.0024439218129925157,2551760361178,6175950578,0.0024202705990577114
314876269,674030,0.0021406186059705883,2579340178311,5468091661,0.002119957540684148
53532215,218777,0.00408682883755137,438506615607,1774797933,0.004047368659520102
49658967,89410,0.001800480465089014,406784842559,724901939,0.0017820279006459303
55343811,202831,0.0036649265082232953,453347513939,1645567956,0.0036298157713541995
54749759,87806,0.001603769616593198,448492874045,712871884,0.001589483189711668
52509069,100832,0.0019202778095341968,430134071095,817822487,0.0019013199417522418
51529185,206389,0.004005283607726379,422099564301,1674586173,0.003967277662968279
51256005,155716,0.003038005010339764,419864770492,1263080046,0.0030083020409640833
49747225,86852,0.001745866226709128,407511508713,704107946,0.0017278234625169454
52171255,104221,0.0019976709396774144,427366427607,844695680,0.001976513889333324
55669185,109637,0.001969437849682908,456020631358,888901143,0.0019492564192828507
52063226,90381,0.0017359853959107337,426483955233,732770572,0.001718166798560258
55123084,80491,0.0014602049478944247,451550394425,652517598,0.0014450604097708956
52287315,138618,0.002651082772179065,428315404774,1124568832,0.002625562423077865
53426871,136286,0.002550888671732245,437651143836,1105583773,0.0025261759019057717
52823927,122996,0.0023284145459310512,432713063534,998844549,0.002308330007054471
51429721,151187,0.002939681512174643,421288698571,1226268481,0.0029107557006857053
Trace: hadoopWordCount-sort; beginning 7 sim with cache size 1024
java CacheSim newTopology.txt hadoopWordCount-sort 7 1024

216591663,562557,0.002597316037967722,1774227896484,4562321626,0.0025714405883489853
311510784,856288,0.0027488229749375224,2551760361178,6945959183,0.0027220264444398896
314876269,772400,0.0024530270332947827,2579340178311,6265969135,0.002429291486128469
53532215,223668,0.0041781943825787895,438506615607,1814359874,0.0041375883725003415
49658967,93884,0.001890574969068527,406784842559,761084261,0.0018709749758918622
55343811,208954,0.00377556218526404,453347513939,1695089218,0.003739050432353495
54749759,91549,0.0016721352143303498,448492874045,743147748,0.0016569889757611523
52509069,105100,0.002001559006883173,430134071095,852306861,0.0019814911635115703
51529185,210808,0.0040910408344319825,422099564301,1710322031,0.004051939816219204
51256005,160173,0.0031249606753394068,419864770492,1299103538,0.003094099884774097
49747225,90175,0.0018126639224599966,407511508713,731014974,0.0017938511143125414
52171255,108601,0.002081625216798024,427366427607,880210390,0.002059615199370384
55669185,114503,0.0020568470689843943,456020631358,928279231,0.0020356079685159077
52063226,93490,0.0017957012498610824,426483955233,757933970,0.0017771687790362938
55123084,85583,0.0015525800406958363,451550394425,693845701,0.0015365853060178068
52287315,143835,0.0027508584060971578,428315404774,1166851123,0.0027242800749034167
53426871,140283,0.0026257012131591984,437651143836,1137966228,0.002600167379949605
52823927,128476,0.0024321554132088665,432713063534,1043204529,0.0024108459321289504
51429721,157058,0.0030538372938091573,421288698571,1273815950,0.0030236176624740935
Trace: hadoopWordCount-sort; beginning 7 sim with cache size 2048
java CacheSim newTopology.txt hadoopWordCount-sort 7 2048
216591663,588860,0.002718756538657723,1774227896484,4774966351,0.0026912925675797255
311510784,904295,0.002902933209528952,2551760361178,7334398465,0.0028742504886368455
314876269,813719,0.002584250005833244,2579340178311,6599970717,0.0025587825803271066
53532215,226651,0.004233917838071898,438506615607,1838483346,0.004192601161683938
49658967,96186,0.0019369311488094385,406784842559,779702437,0.0019167440755536807
55343811,212790,0.0038448743618324367,453347513939,1726135739,0.0038075332629534603
54749759,93997,0.0017168477399142523,448492874045,762947207,0.0017011356281291749
52509069,107019,0.002038105074763371,430134071095,867784015,0.0020174733259117716
51529185,213071,0.004134957694362913,422099564301,1728595998,0.004095232841243434
51256005,162814,0.003176486345356022,419864770492,1320472060,0.0031449937046460533
49747225,91885,0.0018470376990877382,407511508713,744815502,0.0018277164842589871
52171255,111772,0.0021424058133161644,427366427607,905901292,0.0021197296593289112
55669185,117199,0.0021052760158065905,456020631358,950105742,0.002083470958694668
52063226,96253,0.00184877133814182,426483955233,780288937,0.0018295856794277444
55123084,88872,0.0016122465136384604,451550394425,720463408,0.001595532673418282
52287315,147063,0.0028125942209883984,428315404774,1192970324,0.0027852613067453624
53426871,142690,0.0026707534491398534,437651143836,1157409091,0.002644592861920437
52823927,131516,0.0024897050914067785,432713063534,1067823451,0.0024677402671391658
51429721,159860,0.0031083194093158703,421288698571,1296463839,0.0030773762586026416
Trace: hadoopKMeans; beginning 7 sim with cache size 1
java CacheSim newTopology.txt hadoopKMeans 7 1
81484927,724713,0.008893828916358973,647040577972,403882888,6.242002460894772E-4
121835941,1504884,0.012351724685247024,968749397747,659263574,6.80530563975818E-4
110590998,1526944,0.013807127411943601,876396443482,494679354,5.644470121701949E-4
19661807,342009,0.017394586367366946,156843801861,200879749,0.0012807630688398263
19829582,412644,0.02080951580320755,157328007834,308695201,0.0019621121836469867
18555375,366227,0.019736976482555593,147042423762,161883674,0.001100931757368348
20619366,423912,0.020558925041633192,163988483080,295291822,0.001800686343661982
20215542,407772,0.020171212822292867,160569881240,244680995,0.0015238287100323698
26827900,420504,0.015674130289735685,214733409987,287021819,0.0013366425793609684
22355698,382354,0.017103201161511487,178344842359,314560492,0.0017637767812023638
18973876,398639,0.02100988748951453,150252404447,180747560,0.0012029595177876628
18004182,401026,0.022274047218585103,142448175897,148155162,0.0010400635955291316
18346042,394046,0.021478529265331454,145599792522,210454096,0.0014454285432323028
18268167,376247,0.02059577186917549,144734570608,206070497,0.0014237821422645638
17089007,378522,0.022150028963063798,135195780018,215982319,0.0015975522236806804
17549918,391343,0.022298850627108343,138719263189,170498315,0.001229088960541134
18063404,407056,0.02253484448446151,142911423723,197263755,0.0013803218095591095
17799267,400069,0.02247671210280738,140398484561,155130006,0.001104926498922426
18309432,390081,0.021304920873569427,145181649931,259445510,0.0017870406495814437
Trace: hadoopKMeans; beginning 7 sim with cache size 8
java CacheSim newTopology.txt hadoopKMeans 7 8
81484927,2554155,0.03134512227028196,647040577972,2809584584,0.004342207706363637
121835941,3845245,0.03156084295355834,968749397747,4897151925,0.00505512771041634
110590998,3818509,0.034528208163923074,876396443482,4276358402,0.004879479411177951
19661807,594292,0.030225706111345715,156843801861,960590726,0.006124505492740518
19829582,740203,0.037328220030054086,157328007834,1269138502,0.0080668313256664
18555375,636571,0.03430655537815862,147042423762,767518583,0.005219708458031749
20619366,665743,0.03228726819243618,163988483080,871721353,0.0053157474026681506
20215542,695810,0.034419556992337876,160569881240,995113146,0.006197383583491776
26827900,741247,0.02762970638775305,214733409987,1359168994,0.006329564617272573
22355698,677487,0.030304891397262567,178344842359,1066447396,0.005979692947067627
18973876,674170,0.03553148550143365,150252404447,690366530,0.004594712028342413
18004182,677165,0.03761153936346567,142448175897,818482226,0.0057458245487946435
18346042,608680,0.033177728471350934,145599792522,623311082,0.0042809888063942
18268167,627546,0.03435188653574275,144734570608,547083526,0.0037799091378225343
17089007,655951,0.038384383598180985,135195780018,891435439,0.006593663196301793
17549918,663558,0.0378097493105096,138719263189,709248493,0.005112833478892361
18063404,669437,0.037060401239987766,142911423723,764030558,0.005346182538079619
17799267,711040,0.03994771245355216,140398484561,760644818,0.005417756611678503
18309432,654462,0.0357445277384902,145181649931,877479797,0.006044013120232735
Trace: hadoopKMeans; beginning 7 sim with cache size 16
java CacheSim newTopology.txt hadoopKMeans 7 16
81484927,2725593,0.03344904512217333,647040577972,4069619619,0.006289589490284036
121835941,4053667,0.03327152042926315,968749397747,6361212111,0.0065664165838906705
110590998,3966762,0.03586876031266125,876396443482,5283101212,0.006028209323864637
19661807,672521,0.034204435024715686,156843801861,1576964111,0.010054360403719084
19829582,757634,0.03820726024381149,157328007834,1383712618,0.008795081289403877
18555375,661840,0.03566837102456835,147042423762,938748256,0.006384200096697533
20619366,686596,0.033298598996690784,163988483080,1013264819,0.006178877930748891
20215542,721918,0.03571103856626748,160569881240,1170054380,0.007286885753195193
26827900,757215,0.02822490765210844,214733409987,1445512215,0.006731659573084186
22355698,690548,0.030889127237270785,178344842359,1145400871,0.006422394142996076
18973876,701796,0.03698748742745025,150252404447,851512377,0.005667212981608972
18004182,696636,0.03869301032393474,142448175897,945171619,0.00663519636561317
18346042,631744,0.03443489336828075,145599792522,773481798,0.005312382556335907
18268167,644235,0.035265442887619756,144734570608,648239981,0.0044788192501409845
17089007,669026,0.039149495345165465,135195780018,965433254,0.007141001397169808
17549918,690845,0.03936457139002017,138719263189,897421723,0.006469337440015777
18063404,696291,0.03854705347895668,142911423723,937146670,0.0065575350492374715
17799267,730612,0.041047308296459625,140398484561,879328857,0.006263093649119491
18309432,676924,0.03697132712800703,145181649931,1022314534,0.0070416236107378035
Trace: hadoopKMeans; beginning 7 sim with cache size 32
java CacheSim newTopology.txt hadoopKMeans 7 32

81484927,2866854,0.035182629543252825,647040577972,4973763580,0.007686942286663255
121835941,4207228,0.03453191205705056,968749397747,7305422410,0.0075410858855655205
110590998,4058441,0.0366977518369081,876396443482,5722507496,0.006529587766540877
19661807,716309,0.0364314938092923,156843801861,1899430244,0.012110330286964963
19829582,771285,0.038895676167051835,157328007834,1466274822,0.009319858823529353
18555375,702689,0.03786983555977715,147042423762,1159727512,0.007887026630335693
20619366,708770,0.03437399578629139,163988483080,1163335624,0.007094008080021567
20215542,735300,0.03637300449327552,160569881240,1249058774,0.007778910741878556
26827900,769916,0.02869833270587709,214733409987,1522414039,0.0070897865362086285
22355698,700365,0.03132825465794,178344842359,1198998511,0.006722922261954012
18973876,712659,0.03756001145996738,150252404447,915347406,0.006092064944776837
18004182,706749,0.03925471315497699,142448175897,998447106,0.00700919544748644
18346042,641005,0.03493968889856461,145599792522,819440580,0.005628033981409577
18268167,652868,0.035738013562061265,144734570608,690627856,0.004771685528196997
17089007,676846,0.03960709946458563,135195780018,998820956,0.007387959564026456
17549918,699983,0.03988525758353971,138719263189,942601591,0.00679503025989793
18063404,705947,0.03908161496028102,142911423723,984010413,0.0068854566511580735
17799267,741004,0.04163115256375445,140398484561,929244276,0.006618620413928073
18309432,696075,0.03801729076030321,145181649931,1147401225,0.007903211084495331
Trace: hadoopKMeans; beginning 7 sim with cache size 64
java CacheSim newTopology.txt hadoopKMeans 7 64
81484927,5931146,0.07278825935500931,647040577972,29895713698,0.046203769463271135
121835941,9294145,0.07628409912309866,968749397747,48786093028,0.05035986927213662
110590998,9066065,0.08197832702441116,876396443482,46546314438,0.05311102616193581
19661807,1352609,0.06879372786031314,156843801861,7089315015,0.04519984169526047
19829582,1276212,0.0643589965739066,157328007834,5583653413,0.03549052384170164
18555375,1390860,0.07495725632060792,147042423762,6664621532,0.045324480932028344
20619366,1627745,0.07894253392660085,163988483080,8667118977,0.05285199798312568
20215542,1283716,0.0635014386455728,160569881240,5718932234,0.03561646922720237
26827900,1680725,0.06264839961383485,214733409987,8962455750,0.0417375933746993
22355698,1350854,0.06042548973420557,178344842359,6512754569,0.03651776234655625
18973876,1354196,0.07137160588590333,150252404447,6153842797,0.04095670095696009
18004182,1268183,0.07043824595863339,142448175897,5582216077,0.03918769785466634
18346042,1524154,0.08307808300013703,145599792522,8031629446,0.05516236875671666
18268167,1506973,0.08249174643520611,144734570608,7666631321,0.05297028407790943
17089007,872141,0.05103520643417139,135195780018,2579086544,0.019076679343516638
17549918,1016676,0.057930527082804606,138719263189,3520449643,0.025378231992218083
18063404,1475178,0.08166666703573701,142911423723,7268277127,0.05085861534126087
17799267,1559768,0.0876310243562277,140398484561,7615801059,0.05424418278312046
18309432,1435727,0.07841461166026341,145181649931,7188854822,0.049516277197680446
Trace: hadoopKMeans; beginning 7 sim with cache size 128
java CacheSim newTopology.txt hadoopKMeans 7 128
81484927,6958021,0.08539028328515284,647040577972,38150051772,0.05896083347905717
121835941,10344734,0.08490708008731183,968749397747,57152263307,0.05899592138061485
110590998,10202734,0.09225646015058116,876396443482,55611194876,0.06345438219152492
19661807,1447600,0.07362497251651387,156843801861,7844245306,0.050013103564983855
19829582,1355606,0.0683628126906558,157328007834,6215185272,0.039504633393424575
18555375,1498064,0.08073477361680914,147042423762,7525713336,0.05118055825970995
20619366,1732126,0.0840048137270564,163988483080,9503937019,0.05795490537200474
20215542,1360445,0.06729698367721232,160569881240,6327246090,0.039404937221961416
26827900,1793798,0.06686315365720015,214733409987,9872483723,0.04597553647379642
22355698,1460509,0.0653305032122012,178344842359,7391129177,0.04144290958592453
18973876,1464585,0.07718955262488277,150252404447,7041113873,0.04686190479889246
18004182,1456955,0.08092314330081755,142448175897,7111876232,0.04992606038804164
18346042,1641012,0.08944774028098268,145599792522,8969746200,0.0616054875122482
18268167,1677433,0.09182273185919529,144734570608,9043260292,0.06248168805843092
17089007,1018142,0.05957876897118715,135195780018,3753055180,0.02776015035010943
17549918,1151749,0.06562703028014148,138719263189,4610656233,0.03323731778129579
18063404,1602868,0.08873565580440984,142911423723,8295613793,0.05804724056964883
17799267,1731538,0.09728142175742406,140398484561,9003817569,0.06413044697137057
18309432,1538284,0.08401593233476604,145181649931,8010461648,0.05517544160578906
Trace: hadoopKMeans; beginning 7 sim with cache size 256
java CacheSim newTopology.txt hadoopKMeans 7 256
81484927,7251453,0.08899134192020569,647040577972,40004993759,0.0618276428417928
121835941,10634480,0.08728524532838795,968749397747,58985019035,0.06088779943727471
110590998,10582271,0.09568835792584131,876396443482,58192768599,0.06640005106341489
19661807,1546363,0.07864806118786538,156843801861,8596057278,0.054806483750107646
19829582,1413554,0.07128511332210634,157328007834,6633172866,0.04216142413116167
18555375,1576870,0.08498184488322116,147042423762,8114976162,0.0551879923792248
20619366,1805035,0.08754076143757282,163988483080,10034339499,0.06118929397075316
20215542,1453172,0.07188390002108279,160569881240,7029588171,0.04377899589084855
26827900,1898169,0.0707535438852836,214733409987,10671365608,0.04969587922366644
22355698,1537548,0.06877655978355049,178344842359,7966368155,0.04466834055657223
18973876,1513266,0.0797552382022524,150252404447,7383617937,0.0491414294777858
18004182,1505531,0.08362118312289889,142448175897,7453189126,0.052322109981872825
18346042,1692962,0.09227941372858517,145599792522,9333065506,0.06410081597190313
18268167,1745539,0.09555085630649206,144734570608,9546058620,0.06595562193537441
17089007,1104455,0.06462955980999949,135195780018,4406881944,0.03259629807537829
17549918,1244946,0.0709374254626147,138719263189,5315272816,0.038316760728163125
18063404,1659206,0.09185455853171418,142911423723,8697462212,0.0608591110872842
17799267,1809833,0.10168019840367584,140398484561,9581480900,0.06824490257113182
18309432,1635416,0.08932095763538705,145181649931,8748708877,0.06026043154322857
Trace: hadoopKMeans; beginning 7 sim with cache size 512
java CacheSim newTopology.txt hadoopKMeans 7 512
81484927,7489422,0.09191174706458288,647040577972,41523612421,0.06417466513637556
121835941,10902892,0.08948830624618395,968749397747,60769580353,0.06272992839461942
110590998,10800875,0.09766504684223937,876396443482,59612152889,0.06801961981059129
19661807,1640308,0.08342610625768018,156843801861,9323007039,0.0594413481972488
19829582,1493698,0.07532675171872004,157328007834,7244880667,0.04604952904917109
18555375,1673920,0.0902121352977237,147042423762,8868321193,0.0603113099342955
20619366,1854837,0.08995606363454628,163988483080,10394246207,0.06338400119189638
20215542,1559689,0.0771529647832346,160569881240,7859394010,0.048946875648819534
26827900,1931524,0.07199683911152197,214733409987,10902129531,0.05077053231567466
22355698,1645471,0.07360409860609139,178344842359,8808492151,0.049390226453921826
18973876,1587369,0.08366076599214625,150252404447,7946994787,0.05289096581348368
18004182,1550141,0.08609894079053411,142448175897,7773635128,0.054571671971572894
18346042,1754439,0.09563038174664595,145599792522,9791721088,0.06725092747999953
18268167,1881033,0.10296780185992388,144734570608,10609082286,0.07330026434896265
17089007,1189844,0.06962628080145324,135195780018,5064910259,0.037463523331317417
17549918,1349574,0.07689916271973464,138719263189,6125867085,0.04416017605755105
18063404,1742356,0.09645778835484164,142911423723,9329147955,0.06527923179243073
17799267,1860701,0.10453806889912938,140398484561,9947386930,0.07085109900654293
18309432,1741124,0.09509437540170552,145181649931,9570995551,0.06592427869189237
Trace: hadoopKMeans; beginning 7 sim with cache size 1024
java CacheSim newTopology.txt hadoopKMeans 7 1024
81484927,7703541,0.09453946004025997,647040577972,42978357811,0.0664229714088501
121835941,11136168,0.09140297935565664,968749397747,62403097392,0.06441614057993694
110590998,11002264,0.09948607209422235,876396443482,61015591928,0.06962099445038789
19661807,1762294,0.08963031729484477,156843801861,10295103956,0.06563921451689785
19829582,1585054,0.07993380798445474,157328007834,7962779990,0.05061260292828275
18555375,1756502,0.09466270555027856,147042423762,9514425470,0.06470530902972507
20619366,2001880,0.0970873692236706,163988483080,11565303458,0.07052509567002942
20215542,1634957,0.08087623868803517,160569881240,8446668785,0.05260431607578363
26827900,1980939,0.07383876486791735,214733409987,11279768488,0.05252917321381372
22355698,1710652,0.07651973112179275,178344842359,9310958952,0.052207615475963504
18973876,1653767,0.08716020912121487,150252404447,8456922936,0.056284776054835735
18004182,1664503,0.09245090946092413,142448175897,8678441194,0.06092349824314437
18346042,1835282,0.10003694529860992,145599792522,10424154696,0.07159457108721443
18268167,1952847,0.10689890233650699,144734570608,11165825973,0.07714691746480937
17089007,1268584,0.0742339212570982,135195780018,5678840340,0.04200456803639816
17549918,1436955,0.0818781603424016,138719263189,6809092573,0.04908541479003429
18063404,1815252,0.100493351087093,142911423723,9891337251,0.06921306214240801
17799267,1926676,0.10824468221078992,140398484561,10454154382,0.07446059275275085
18309432,1844579,0.10074474183579261,145181649931,10386332396,0.07154025595477305
Trace: hadoopKMeans; beginning 7 sim with cache size 2048
java CacheSim newTopology.txt hadoopKMeans 7 2048
81484927,7902700,0.09698358077930168,647040577972,44447301727,0.0686932214766342
121835941,11462040,0.09407765808613076,968749397747,64904774983,0.06699851905348035
110590998,11263129,0.1018448988045121,876396443482,63000238026,0.07188554733939188
19661807,1853776,0.09428309412252903,156843801861,11030495970,0.07032790482709401
19829582,1659586,0.08369243486826904,157328007834,8552422881,0.05436046002707818
18555375,1842537,0.09929936743396456,147042423762,10198751294,0.0693592436323513
20619366,2084488,0.10109369997118244,163988483080,12221515973,0.07452667250442134
20215542,1708961,0.08453698644340082,160569881240,9035470395,0.05627126535327567
26827900,2058235,0.07671994453535312,214733409987,11896392660,0.055400753244314475
22355698,1804906,0.0807358374585307,178344842359,10064657864,0.05643369177865152
18973876,1774864,0.09354251076585511,150252404447,9428432667,0.06275062753039524
18004182,1741531,0.09672924879341922,142448175897,9291790228,0.06522926790384886
18346042,1911364,0.10418399783451929,145599792522,11030822031,0.07576124828154032
18268167,2006449,0.10983307739632553,144734570608,11585653436,0.0800475890958951
17089007,1383669,0.08096836755933215,135195780018,6603094498,0.0488409808140525
17549918,1494696,0.08516826118503802,138719263189,7264546517,0.052368693071144105
18063404,1963265,0.10868743233556644,142911423723,11084888366,0.07756474659076544
17799267,1993139,0.11197871238180764,140398484561,10980579867,0.07821010249030988
18309432,1903492,0.1039623730545,145181649931,10850653028,0.07473846063298602
navdeep@italic:~/Documents/simulator/src$ 
navdeep@italic:~/Documents/simulator/src$ 
navdeep@italic:~/Documents/simulator/src$ 
navdeep@italic:~/Documents/simulator/src$ 
navdeep@italic:~/Documents/simulator/src$ exit

Script done on Fri 06 Jan 2017 06:36:20 PM MST
