Script started on Fri 06 Jan 2017 02:33:59 PM MST
navdeep@italic:~/Documents/simulator/src$ perl cache_script.pl
Trace: hadoop-bayes; beginning 5 sim with cache size 1
java CacheSim newTopology.txt hadoop-bayes 5 1
27480947,3064,1.1149542990640024E-4,225102253081,23716037,1.053567286661769E-4
39388672,3215,8.162245226241697E-5,322639715559,24162711,7.489069024914092E-5
40176068,5448,1.3560311576533572E-4,329091841330,41797927,1.2700991562439475E-4
6870786,1212,1.7639903207580617E-4,56279232850,9203140,1.6352639391032495E-4
6946004,265,3.8151432103983814E-5,56897098662,2027458,3.563376776106306E-5
6877585,998,1.4510907535130428E-4,56332750084,7772357,1.3797226282065636E-4
6207276,585,9.424423853555086E-5,50845271689,4516143,8.882129743790973E-5
6142695,637,1.0370041162714411E-4,50315935807,4774091,9.488228576950812E-5
6316198,491,7.773663840177272E-5,51736919804,3839776,7.421732902821808E-5
6634264,652,9.827766878134485E-5,54343047146,5015744,9.229780557804424E-5
6807074,569,8.358951290965839E-5,55758452762,4378026,7.851770956929553E-5
6230112,1035,1.661286346056058E-4,51032249036,7951548,1.5581417927300616E-4
7441090,564,7.579534718703845E-5,60952440924,4363168,7.158315456866312E-5
6715848,1120,1.667697065210529E-4,55011062126,8621944,1.5673109492508766E-4
7208102,1041,1.444208197941705E-4,59043425689,8092245,1.370558179097595E-4
7466680,442,5.919632286370917E-5,61162375043,3435577,5.617141253237189E-5
6340143,345,5.4415176440026665E-5,51933725858,2590213,4.98753547373493E-5
6684497,1558,2.3307662491283936E-4,54753978824,11834865,2.1614620990452097E-4
6324563,2064,3.2634665825923465E-4,51805382141,15919492,3.072941718038393E-4
Trace: hadoop-bayes; beginning 5 sim with cache size 8
java CacheSim newTopology.txt hadoop-bayes 5 8
27480947,2696,9.81043338863104E-5,225102253081,21070165,9.360263929663195E-5
39388672,2903,7.370139313150746E-5,322639715559,22102531,6.850530153023951E-5
40176068,4933,1.2278453929339227E-4,329091841330,37875201,1.1509006375524296E-4
6870786,1537,2.2370075272319645E-4,56279232850,12004195,2.1329706167094636E-4
6946004,630,9.069963103965963E-5,56897098662,5054605,8.883765813837238E-5
6877585,3221,4.68332997701955E-4,56332750084,25982073,4.6122500608007064E-4
6207276,504,8.119503627678228E-5,50845271689,3874958,7.621078364378803E-5
6142695,1051,1.7109753943505253E-4,50315935807,8222070,1.6340886576248748E-4
6316198,604,9.56271478506532E-5,51736919804,4692072,9.069098078848591E-5
6634264,897,1.3520716088476431E-4,54343047146,7089001,1.3044908911630284E-4
6807074,808,1.187000464516766E-4,55758452762,6361863,1.1409683527545225E-4
6230112,940,1.5088011258866614E-4,51032249036,7289267,1.4283648355097747E-4
7441090,406,5.456189886159152E-5,60952440924,3181894,5.2202897074580166E-5
6715848,1247,1.8568020002835084E-4,55011062126,9627356,1.7500763715394256E-4
7208102,1263,1.7521949606151522E-4,59043425689,9956220,1.6862537841964815E-4
7466680,364,4.874991294658402E-5,61162375043,2855442,4.668625111422653E-5
6340143,568,8.95878846896671E-5,51933725858,4510020,8.684183400073279E-5
6684497,1121,1.6770147402265273E-4,54753978824,8515298,1.5551925509142247E-4
6324563,2653,4.194756222682895E-4,51805382141,20882626,4.030976152856712E-4
Trace: hadoop-bayes; beginning 5 sim with cache size 16
java CacheSim newTopology.txt hadoop-bayes 5 16
27480947,3476,1.2648763523323995E-4,225102253081,27147817,1.2060215581330155E-4
39388672,2737,6.948698346570303E-5,322639715559,20832538,6.456904403075705E-5
40176068,3540,8.81121567197666E-5,329091841330,27416818,8.331053692852726E-5
6870786,1332,1.9386428277638103E-4,56279232850,10423734,1.8521457155932074E-4
6946004,630,9.069963103965963E-5,56897098662,5054605,8.883765813837238E-5
6877585,3092,4.4957641381386054E-4,56332750084,24990084,4.43615551570557E-4
6207276,463,7.458988451617103E-5,50845271689,3569970,7.02124284404667E-5
6142695,1102,1.7940008416501225E-4,50315935807,8605292,1.7102518043205756E-4
6316198,765,1.2111716573799618E-4,51736919804,5946488,1.1493703186288744E-4
6634264,897,1.3520716088476431E-4,54343047146,7089001,1.3044908911630284E-4
6807074,822,1.207567304248492E-4,55758452762,6469129,1.1602059740812577E-4
6230112,861,1.3819976270089526E-4,51032249036,6655620,1.3041988400912694E-4
7441090,935,1.256536340778031E-4,60952440924,7301623,1.1979213447914583E-4
6715848,1478,2.2007645199831802E-4,55011062126,11457078,2.0826862011422636E-4
7208102,1541,2.1378720778368563E-4,59043425689,12093567,2.048249548341006E-4
7466680,630,8.437484933062619E-5,61162375043,4848391,7.927080981716873E-5
6340143,570,8.990333498787015E-5,51933725858,4504315,8.673198245617774E-5
6684497,1200,1.795198651446773E-4,54753978824,9114905,1.6647018528642005E-4
6324563,2914,4.6074329562374505E-4,51805382141,22861214,4.412903265104399E-4
Trace: hadoop-bayes; beginning 5 sim with cache size 32
java CacheSim newTopology.txt hadoop-bayes 5 32
27480947,126216,0.004592854824107772,225102253081,1031782620,0.004583617471073144
39388672,127413,0.003234762522585174,322639715559,1040429876,0.0032247421065238952
40176068,169448,0.0042176352349861616,329091841330,1384897415,0.004208239892557169
6870786,54987,0.008003014502270919,56279232850,449484165,0.00798667896198944
6946004,10831,0.0015593138155405612,56897098662,88506509,0.0015555539927576492
6877585,12073,0.0017554126921004974,56332750084,98290737,0.0017448240473514037
6207276,50495,0.008134808247611352,50845271689,413136309,0.008125363387317272
6142695,21127,0.0034393698531344956,50315935807,172415340,0.003426654741379438
6316198,47008,0.0074424519307342805,51736919804,384210199,0.007426228705836003
6634264,50320,0.007584865480179866,54343047146,411898925,0.00757960671387045
6807074,36022,0.005291847862973136,55758452762,294511413,0.005281915089306652
6230112,22973,0.0036874136452121568,51032249036,187381828,0.0036718316660473665
7441090,43445,0.005838526344930648,60952440924,355584835,0.005833807959280407
6715848,14493,0.0021580297826871604,55011062126,117923054,0.0021436243810363693
7208102,54154,0.007512934750368405,59043425689,443023326,0.007503347253825362
7466680,32496,0.004352135085473062,61162375043,265933218,0.004347987105030446
6340143,25828,0.004073725150994229,51933725858,211239375,0.004067479687045411
6684497,22241,0.003327251100568973,54753978824,181083027,0.0033072122042869133
6324563,29936,0.004733291454287039,51805382141,244024831,0.004710414650273818
Trace: hadoop-bayes; beginning 5 sim with cache size 64
java CacheSim newTopology.txt hadoop-bayes 5 64
27480947,257488,0.009369691663100256,225102253081,2107318486,0.009361605479984735
39388672,196413,0.004986535214997855,322639715559,1605034837,0.004974697036969377
40176068,308803,0.007686242466535053,329091841330,2526067671,0.007675874493852801
6870786,115477,0.016806956292919034,56279232850,944846803,0.016788551569604418
6946004,25490,0.0036697358653982924,56897098662,208578599,0.0036658916518585837
6877585,24018,0.003492214200188002,56332750084,195805829,0.003475879105991207
6207276,104979,0.01691224943115144,50845271689,859455434,0.016903350212325384
6142695,63772,0.010381762402333178,50315935807,521900791,0.010372475094210465
6316198,103197,0.016338468173416984,51736919804,844866776,0.01633005558121146
6634264,93217,0.014050842715936538,54343047146,763135150,0.014042921589393643
6807074,66624,0.009787465216332303,55758452762,545196608,0.009777828849145498
6230112,44769,0.0071859061281723344,51032249036,366026537,0.007172455533789851
7441090,97778,0.013140279179528806,60952440924,800531965,0.013133714628396298
6715848,27285,0.004062778073595471,55011062126,222701505,0.004048304039102421
7208102,123659,0.017155556344790903,59043425689,1012316585,0.0171452887969642
7466680,54647,0.007318781573604333,61162375043,447396621,0.007314899408099495
6340143,62571,0.00986902030443162,51933725858,512244506,0.009863426849069266
6684497,52508,0.007855190899180596,54753978824,429105886,0.007836980895567582
6324563,63904,0.010104097310754909,51805382141,522314489,0.010082243724762104
Trace: hadoop-bayes; beginning 5 sim with cache size 128
java CacheSim newTopology.txt hadoop-bayes 5 128
27480947,378218,0.013762917267734624,225102253081,3095681285,0.013752333628957773
39388672,414025,0.010511270854726962,322639715559,3386661962,0.010496729939562239
40176068,537660,0.013382593836708959,329091841330,4399644551,0.01336904778076286
6870786,177696,0.025862543237411266,56279232850,1454184514,0.02583874087047013
6946004,41079,0.0059140478467907594,56897098662,335872182,0.005903151301180841
6877585,29220,0.004248584350466043,56332750084,238141515,0.004227407940228335
6207276,155045,0.024977945237170056,50845271689,1269242875,0.024962849697479174
6142695,74419,0.012115040710958301,50315935807,608835853,0.012100258958421244
6316198,122984,0.019471207204080684,51736919804,1006160901,0.019447638259326938
6634264,127667,0.019243581503539806,54343047146,1045259926,0.019234473974044312
6807074,96384,0.014159387719304946,55758452762,788872556,0.014148035265024882
6230112,58043,0.009316525930833989,51032249036,474431368,0.009296697225029587
7441090,134918,0.01813148342514336,60952440924,1104624550,0.01812272869231484
6715848,31674,0.004716306861024848,55011062126,258353234,0.004696386945015809
7208102,154680,0.0214591857884364,59043425689,1266227016,0.021445690205538034
7466680,112411,0.015055017758896859,61162375043,920355044,0.015047732259464213
6340143,106391,0.016780536338060512,51933725858,870994329,0.016771265966580556
6684497,78441,0.011734764784844694,54753978824,641162465,0.011709878967169468
6324563,88732,0.014029744031326749,51805382141,725448499,0.014003342298017004
Trace: hadoop-bayes; beginning 5 sim with cache size 256
java CacheSim newTopology.txt hadoop-bayes 5 256
27480947,672100,0.02445694466060431,225102253081,5502461018,0.02444427340325205
39388672,848484,0.02154132030650843,322639715559,6945207501,0.021526201413136176
40176068,1031339,0.025670481242713945,329091841330,8443202861,0.02565606861257158
6870786,322071,0.046875422986540405,56279232850,2636643216,0.046849309816062994
6946004,82763,0.011915196132913254,56897098662,677342510,0.0119046933135165
6877585,51741,0.007523134937627089,56332750084,422749482,0.007504506372751578
6207276,259591,0.04182043782167895,50845271689,2125676291,0.04180676433399557
6142695,141360,0.02301270045151192,50315935807,1156909173,0.02299289786515408
6316198,198484,0.031424600685412335,51736919804,1624555737,0.03140031805438867
6634264,209454,0.0315715503633862,54343047146,1715055512,0.031559796553039615
6807074,161956,0.023792307825653138,55758452762,1325930132,0.023779894640542035
6230112,100078,0.016063595646434607,51032249036,818746956,0.016043716894045296
7441090,223651,0.030056214882497052,60952440924,1831419322,0.030046693688338892
6715848,71683,0.010673707921918423,55011062126,585870649,0.01065005157795524
7208102,220282,0.030560333358212746,59043425689,1803557012,0.030546279978737906
7466680,223688,0.02995816078899859,61162375043,1831804901,0.029949865415006462
6340143,220619,0.03479716466962969,51933725858,1806647434,0.034787556720652646
6684497,158854,0.02376454054807714,54753978824,1299865549,0.02374011125617482
6324563,149665,0.02366408556606994,51805382141,1224460058,0.023635769246279404
Trace: hadoop-bayes; beginning 5 sim with cache size 512
java CacheSim newTopology.txt hadoop-bayes 5 512
27480947,1205297,0.043859369184038675,225102253081,9869784654,0.04384578350021442
39388672,1636407,0.04154511733728926,322639715559,13398966012,0.04152918988533443
40176068,1782780,0.04437417817990551,329091841330,14598252667,0.04435920564910469
6870786,497415,0.0723956473102204,56279232850,4072680071,0.07236559321721459
6946004,140724,0.020259706156230257,56897098662,1152003399,0.020247137834629014
6877585,106026,0.015416167157512413,56332750084,867285691,0.01539576338287685
6207276,382751,0.061661669305505346,50845271689,3134459975,0.061647029721312654
6142695,191618,0.031194451295400473,50315935807,1568671856,0.031176442032541208
6316198,281005,0.04448958059896159,51736919804,2300415404,0.044463710107112815
6634264,297147,0.044789746081856256,54343047146,2433344295,0.04477747242370287
6807074,258493,0.037974172162664896,55758452762,2116568960,0.037959607111667654
6230112,150181,0.024105666158168584,51032249036,1229112499,0.02408501530341999
7441090,399723,0.05371833965185208,60952440924,3273489122,0.053705628066341556
6715848,132806,0.019775015753781204,55011062126,1086475009,0.019750118739963338
7208102,393383,0.054575115612958865,59043425689,3221438508,0.05456049459203661
7466680,386534,0.051767853985975026,61162375043,3165712102,0.05175914276995223
6340143,324130,0.05112345257827781,51933725858,2654384516,0.05111099718240439
6684497,293398,0.04389230782809836,54753978824,2401884335,0.0438668455989393
6324563,240553,0.038034722715229494,51805382141,1968907694,0.03800585214565496
Trace: hadoop-bayes; beginning 5 sim with cache size 1024
java CacheSim newTopology.txt hadoop-bayes 5 1024
27480947,1387206,0.0504788281131651,225102253081,11358746630,0.05046038622240138
39388672,2066640,0.05246787705866296,322639715559,16921576276,0.05244728240192615
40176068,2186349,0.05441918805991666,329091841330,17902285147,0.05439905491017114
6870786,568325,0.08271615503670177,56279232850,4653330468,0.08268290508512147
6946004,191613,0.027586076829210004,56897098662,1568734792,0.027571437364832006
6877585,159814,0.023236935639472284,56332750084,1307780289,0.02321527507621973
6207276,427313,0.06884066376297751,50845271689,3499367275,0.06882384848691962
6142695,230693,0.037555665713501975,50315935807,1888595804,0.037534744682960995
6316198,301949,0.04780549944761073,51736919804,2471884992,0.04777796980114939
6634264,370237,0.055806793338341674,54343047146,3031920715,0.05579224710852765
6807074,296633,0.043577166929579435,55758452762,2428889021,0.0435609114077734
6230112,212614,0.03412683431694326,51032249036,1740393166,0.03410379120803129
7441090,449685,0.06043267854575069,60952440924,3682623138,0.06041797641199909
6715848,156256,0.02326675648406575,55011062126,1278477447,0.023240370165398976
7208102,402584,0.05585159588474192,59043425689,3296655140,0.055834415119551215
7466680,435997,0.05839235108508735,61162375043,3570725889,0.05838108619048252
6340143,369790,0.05832518288625351,51933725858,3028374842,0.05831229691242154
6684497,299406,0.04479110395292271,54753978824,2450960446,0.04476314778654377
6324563,297757,0.04707945829617003,51805382141,2437332084,0.04704785455237551
Trace: hadoop-bayes; beginning 5 sim with cache size 2048
java CacheSim newTopology.txt hadoop-bayes 5 2048
27480947,1621367,0.058999677121752754,225102253081,13275892074,0.05897716212206392
39388672,2215539,0.05624812636485942,322639715559,18140583111,0.05622551172774851
40176068,2434871,0.060605009927800796,329091841330,19937104734,0.06058219083592497
6870786,607909,0.08847735906779806,56279232850,4977448015,0.0884420018351405
6946004,207012,0.029803034953622257,56897098662,1694780737,0.02978676904191421
6877585,162765,0.023666010670896832,56332750084,1331823580,0.023642083477445446
6207276,441049,0.07105355070404473,50845271689,3611739979,0.07103394001101135
6142695,274313,0.04465678338253812,50315935807,2245832455,0.04463461563379206
6316198,391088,0.061918261587113006,51736919804,3201870993,0.06188754578219884
6634264,409918,0.061788014465508155,54343047146,3356900817,0.06177240683580419
6807074,339957,0.049941722390560175,55758452762,2783706558,0.049924386709258306
6230112,250281,0.0401727930412808,51032249036,2048858331,0.040148305624442715
7441090,491757,0.06608668891251147,60952440924,4027150465,0.06607037230914753
6715848,231434,0.03446087523124407,55011062126,1894184204,0.034432787348505814
7208102,474759,0.06586463399102843,59043425689,3887695667,0.06584468332643327
7466680,476332,0.06379435036723148,61162375043,3901036141,0.06378163271549527
6340143,410481,0.06474317692834373,51933725858,3361588303,0.06472842545885185
6684497,372613,0.05574286292596137,54753978824,3050499495,0.05571283695757452
6324563,353165,0.0558402216880439,51805382141,2891079886,0.055806554580203185
Trace: hadoop-terasort-sort; beginning 5 sim with cache size 1
java CacheSim newTopology.txt hadoop-terasort-sort 5 1
128225309,117120,9.133922227475389E-4,1050381730539,948935044,9.034192202800948E-4
184766899,168356,9.111805248190045E-4,1513549886002,1364400947,9.014575334573393E-4
184847809,151532,8.197662759421725E-4,1514218070458,1228455229,8.112802594070441E-4
26131218,52457,0.0020074456537004896,214051877686,424844969,0.0019847757169559597
31295416,11765,3.7593365111363274E-4,256364628547,95348447,3.719251268804406E-4
31031446,38610,0.0012442217484805575,254198553512,312864596,0.0012307882624722746
33291870,16449,4.940845918237696E-4,272718307744,133205526,4.884363176858654E-4
32837659,34365,0.0010465118722379084,268994958659,278125429,0.0010339429050511483
29560145,39506,0.0013364616445555324,242145625905,320085873,0.001321873446211157
32779197,35936,0.0010963050742213117,268516927615,291273026,0.0010847473512643037
31526775,20171,6.398053717831906E-4,258258305575,163404257,6.327163675769811E-4
32740894,39558,0.0012082138013702374,268202304801,320341300,0.0011944017417661117
31030814,15044,4.84808423008175E-4,254196674394,121841320,4.7931909530471775E-4
30403744,61364,0.0020183040614997943,249054542612,497367513,0.0019970224505193816
29605413,14623,4.93929944500352E-4,242520245480,118493187,4.885909082166578E-4
30809970,31522,0.0010231103762840404,252385382623,255252108,0.0010113585238067538
31828795,19451,6.111133016502824E-4,260732602625,157704931,6.048531308024411E-4
28679558,11932,4.1604546346216354E-4,234935842097,96727861,4.1172032388341637E-4
33424104,13148,3.9336880952739976E-4,273802917220,106347663,3.884095322277005E-4
Trace: hadoop-terasort-sort; beginning 5 sim with cache size 8
java CacheSim newTopology.txt hadoop-terasort-sort 5 8
128225309,160873,0.0012546119112881217,1050381730539,1303318948,0.0012408050426878676
184766899,247645,0.0013403104199957373,1513549886002,2006153707,0.0013254625602722612
184847809,219266,0.001186197451764224,1514218070458,1776757761,0.001173383012436637
26131218,78258,0.002994808737962387,214051877686,634119243,0.002962455876842207
31295416,16158,5.163056468078264E-4,256364628547,131129044,5.114942913271663E-4
31031446,53114,0.0017116185948924199,254198553512,430350272,0.0016929690041673836
33291870,22374,6.720559704216074E-4,272718307744,181388997,6.651148523929292E-4
32837659,49212,0.0014986451987944694,268994958659,398570695,0.0014817032147627005
29560145,54083,0.0018295918372524898,242145625905,438076332,0.0018091441064141654
32779197,49422,0.001507724548590986,268516927615,400691629,0.0014922397353455208
31526775,27163,8.615851129714346E-4,258258305575,219996853,8.518481235683295E-4
32740894,54990,0.0016795509615589604,268202304801,445449232,0.0016608702610908328
31030814,17134,5.521608295547774E-4,254196674394,138824699,5.461310590744565E-4
30403744,77379,0.0025450483993024017,249054542612,627068205,0.0025177946903658945
29605413,19586,6.615682071383365E-4,242520245480,158832597,6.549251040284738E-4
30809970,45283,0.001469751512253988,252385382623,366726052,0.0014530399826989825
31828795,22364,7.026342027714213E-4,260732602625,181363281,6.955911120207957E-4
28679558,13874,4.837591987993678E-4,234935842097,112483740,4.7878492696554095E-4
33424104,17954,5.371572563321369E-4,273802917220,145488926,5.313636811367498E-4
Trace: hadoop-terasort-sort; beginning 5 sim with cache size 16
java CacheSim newTopology.txt hadoop-terasort-sort 5 16
128225309,157407,0.0012275813661716346,1050381730539,1275265544,0.0012140972247733227
184766899,243071,0.0013155549035869245,1513549886002,1969483728,0.0013012347635282353
184847809,215717,0.0011669978733694377,1514218070458,1747954331,0.0011543610296971972
26131218,76991,0.0029463226704549324,214051877686,623947257,0.002914934752010396
31295416,17176,5.488343724205487E-4,256364628547,139268214,5.432427039148562E-4
31031446,53127,0.001712037524774063,254198553512,430490650,0.0016935212417708654
33291870,23024,6.915802566812858E-4,272718307744,186611868,6.842660089221883E-4
32837659,49204,0.0014984015760685012,268994958659,398503623,0.00148145387179979
29560145,54107,0.0018304037412536372,242145625905,438264236,0.0018099201022608701
32779197,48972,0.001493996329440285,268516927615,396991405,0.0014784595091494825
31526775,27404,8.69229408970629E-4,258258305575,221915431,8.59277034695615E-4
32740894,54990,0.0016795509615589604,268202304801,445449232,0.0016608702610908328
31030814,17338,5.587349400502352E-4,254196674394,140500475,5.527234977992944E-4
30403744,77435,0.002546890277723691,249054542612,627510573,0.002519570879610871
29605413,19816,6.693370567064881E-4,242520245480,160647044,6.624067350832701E-4
30809970,45299,0.0014702708246713645,252385382623,366845348,0.0014535126566659143
31828795,25712,8.078219737819167E-4,260732602625,208477620,7.995840102123477E-4
28679558,14109,4.919531883999049E-4,234935842097,114386332,4.868832740845576E-4
33424104,15163,4.536546439659235E-4,273802917220,122805978,4.485196112842205E-4
Trace: hadoop-terasort-sort; beginning 5 sim with cache size 32
java CacheSim newTopology.txt hadoop-terasort-sort 5 32
128225309,161857,0.0012622859033235006,1050381730539,1311273539,0.0012483780904368207
184766899,251532,0.0013613477379408744,1513549886002,2038188158,0.001346627671046785
184847809,220629,0.0011935710852812975,1514218070458,1787695440,0.0011806063306715672
26131218,77339,0.0029596400749479033,214051877686,626641977,0.0029275238497054553
31295416,13475,4.305742412882449E-4,256364628547,109300849,4.263491793680172E-4
31031446,54141,0.0017447140555422393,254198553512,438611228,0.001725467049045558
33291870,23601,7.08911815407185E-4,272718307744,191282844,7.013934839297871E-4
32837659,50969,0.0015521508399852742,268994958659,412807677,0.0015346297903051365
29560145,54136,0.0018313847919216905,242145625905,438448959,0.0018106829613846293
32779197,51004,0.001555986865694117,268516927615,413504429,0.001539956652538805
31526775,27257,8.645667056018258E-4,258258305575,220732550,8.546968102673381E-4
32740894,54986,0.0016794287901851427,268202304801,445354008,0.0016605152156706578
31030814,17191,5.539977133696847E-4,254196674394,139304955,5.480203678199187E-4
30403744,78069,0.0025677429727075716,249054542612,632672045,0.0025402951432435205
29605413,17258,5.82933938465915E-4,242520245480,139878261,5.767694186650301E-4
30809970,46120,0.0014969180430880005,252385382623,373510052,0.0014799195108614101
31828795,22575,7.092634201200517E-4,260732602625,183080061,7.0217555900869E-4
28679558,14118,4.92267000767585E-4,234935842097,114407202,4.869721068476376E-4
33424104,15699,4.696909751118534E-4,273802917220,127175386,4.6447783424387285E-4
Trace: hadoop-terasort-sort; beginning 5 sim with cache size 64
java CacheSim newTopology.txt hadoop-terasort-sort 5 64
128225309,159168,0.0012413150043569011,1050381730539,1289652694,0.001227794292783652
184766899,231653,0.001253758120387137,1513549886002,1878044061,0.0012408207211199369
184847809,208519,0.00112805773099534,1514218070458,1690472923,0.0011163999135796133
26131218,77384,0.002961362153115098,214051877686,627040228,0.0029293843846575672
31295416,13483,4.3082986978028987E-4,256364628547,109362801,4.26590835170345E-4
31031446,53232,0.0017154211892027203,254198553512,431336357,0.0016968481961862848
33291870,19038,5.718513258642426E-4,272718307744,154349811,5.659679112738108E-4
32837659,49077,0.001494534065293753,268994958659,397464567,0.0014775911376980807
29560145,53936,0.0018246189252454615,242145625905,436855569,0.0018041026649450599
32779197,49159,0.0014997011671762429,268516927615,398512557,0.0014841245225753065
31526775,27456,8.708788006385049E-4,258258305575,222320072,8.608438420015759E-4
32740894,54914,0.001677229705456424,268202304801,444840695,0.0016586013134005752
31030814,17191,5.539977133696847E-4,254196674394,139291643,5.479679989207908E-4
30403744,77612,0.0025527119291624085,249054542612,628942212,0.0025253191746830487
29605413,17275,5.835081577818218E-4,242520245480,140007293,5.773014649679877E-4
30809970,44773,0.0014531984289501093,252385382623,362628501,0.0014368046882559573
31828795,22416,7.042679435398041E-4,260732602625,181780012,6.971894200030137E-4
28679558,14037,4.894426894584637E-4,234935842097,113803055,4.844005664874802E-4
33424104,15244,4.560780447547674E-4,273802917220,123477167,4.509709693881252E-4
Trace: hadoop-terasort-sort; beginning 5 sim with cache size 128
java CacheSim newTopology.txt hadoop-terasort-sort 5 128
128225309,168436,0.0013135940269015066,1050381730539,1363925068,0.0012985041802851104
184766899,262261,0.0014194154982273097,1513549886002,2124022235,0.0014033381090665902
184847809,225031,0.0012173852707120809,1514218070458,1822318120,0.0012034713860261952
26131218,79480,0.0030415727273026463,214051877686,643964634,0.0030084512266911933
31295416,19920,6.365149451919732E-4,256364628547,161454994,6.297865462762155E-4
31031446,55820,0.0017988204610252451,254198553512,452266378,0.0017791854900490209
33291870,25478,7.65291946652441E-4,272718307744,206174693,7.559987252250614E-4
32837659,52014,0.0015839740585648935,268994958659,421100146,0.0015654573903513967
29560145,54917,0.0018578055012923652,242145625905,444758336,0.0018367390876368348
32779197,52002,0.0015864330050550047,268516927615,421619922,0.0015701800469150285
31526775,29170,9.252452875373393E-4,258258305575,236160966,9.144370612755268E-4
32740894,55042,0.0016811391894185907,268202304801,445804727,0.0016621957344131585
31030814,21935,7.0687800842092E-4,254196674394,177641430,6.988345949981201E-4
30403744,80954,0.002662632602090058,249054542612,655976098,0.0026338652213300107
29605413,21688,7.325687366698786E-4,242520245480,175714484,7.245353213799658E-4
30809970,46403,0.0015061033814703488,252385382623,375774527,0.0014888918014769191
31828795,27667,8.692443430547717E-4,260732602625,224206692,8.59910459001809E-4
28679558,18624,6.493823928527769E-4,234935842097,150766484,6.417347078857032E-4
33424104,20281,6.067776715869481E-4,273802917220,164064422,5.992062599836167E-4
Trace: hadoop-terasort-sort; beginning 5 sim with cache size 256
java CacheSim newTopology.txt hadoop-terasort-sort 5 256
128225309,168689,0.0013155671163171071,1050381730539,1365934756,0.0013004174732733356
184766899,263532,0.0014262944359963523,1513549886002,2134133663,0.0014100187134480613
184847809,226996,0.0012280156374479937,1514218070458,1837933786,0.0012137840789630035
26131218,79727,0.0030510250230203584,214051877686,645908573,0.0030175328522345658
31295416,19955,6.376333198446699E-4,256364628547,161711764,6.3078812750626E-4
31031446,56191,0.0018107760753398342,254198553512,455241984,0.001790891323771869
33291870,26296,7.898625099761593E-4,272718307744,212691806,7.798955917534267E-4
32837659,52146,0.0015879938335433717,268994958659,422115963,0.0015692337324994582
29560145,55581,0.0018802681786574457,242145625905,450077489,0.0018587058399996746
32779197,52220,0.0015930835645546779,268516927615,423216155,0.0015761246739974919
31526775,29215,9.266726457114627E-4,258258305575,236420451,9.154418111495812E-4
32740894,55605,0.0016983348102834334,268202304801,450288077,0.001678912033713146
31030814,21988,7.085859881084653E-4,254196674394,178016037,7.003082846161808E-4
30403744,82397,0.0027100938621243487,249054542612,667605393,0.0026805589892012404
29605413,21718,7.335820648744201E-4,242520245480,175938718,7.254599204770688E-4
30809970,47372,0.001537554239747718,252385382623,383537497,0.0015196501992863355
31828795,27657,8.68930162137775E-4,260732602625,224078378,8.594183302894494E-4
28679558,18705,6.522067041618982E-4,234935842097,151389973,6.443885771056351E-4
33424104,20473,6.125220290123559E-4,273802917220,165518294,6.045161814949051E-4
Trace: hadoop-terasort-sort; beginning 5 sim with cache size 512
java CacheSim newTopology.txt hadoop-terasort-sort 5 512
128225309,169739,0.0013237558273304687,1050381730539,1374356692,0.001308435449743355
184766899,264913,0.0014337687184975702,1513549886002,2145179788,0.0014173168706493268
184847809,229070,0.0012392356784710389,1514218070458,1854586760,0.0012247818172180774
26131218,79768,0.003052594027572691,214051877686,646179555,0.0030187988163687253
31295416,20396,6.517248404686488E-4,256364628547,165250556,6.445918726643063E-4
31031446,56184,0.0018105504977112572,254198553512,455174500,0.001790625846258061
33291870,26305,7.901328462474471E-4,272718307744,212653733,7.797559861643668E-4
32837659,52752,0.0016064482550354761,268994958659,426944806,0.001587185158147258
29560145,55462,0.0018762424879850894,242145625905,449121260,0.0018547568568354066
32779197,52551,0.00160318143241886,268516927615,425826389,0.001585845603039785
31526775,29846,9.466873792197267E-4,258258305575,241539103,9.352617042159574E-4
32740894,55605,0.0016983348102834334,268202304801,450249647,0.0016787687463538949
31030814,21994,7.087793442995083E-4,254196674394,178093187,7.006117897670012E-4
30403744,82547,0.0027150274650385164,249054542612,668819229,0.0026854327649905503
29605413,22025,7.439517901675616E-4,242520245480,178350427,7.354042820095532E-4
30809970,47683,0.0015476483748604753,252385382623,385985332,0.0015293489979035931
31828795,27957,8.78355589647676E-4,260732602625,226389120,8.682808276401295E-4
28679558,35432,0.0012354444235158715,234935842097,288373801,0.0012274576685533433
33424104,20864,6.242201735609727E-4,273802917220,168667256,6.160170158613623E-4
Trace: hadoop-terasort-sort; beginning 5 sim with cache size 1024
java CacheSim newTopology.txt hadoop-terasort-sort 5 1024
128225309,169860,0.0013246994787901038,1050381730539,1375284687,0.0013093189333122513
184766899,265616,0.0014375735125586537,1513549886002,2150832860,0.001421051846319625
184847809,229729,0.0012428007734730576,1514218070458,1859947459,0.001228322059607589
26131218,79817,0.0030544691793547474,214051877686,646615781,0.0030208367615842304
31295416,20387,6.514372584150983E-4,256364628547,165156998,6.442269315235169E-4
31031446,56042,0.001805974494388692,254198553512,453997525,0.0017859957058275237
33291870,26677,8.013067454606785E-4,272718307744,215695186,7.909083470937072E-4
32837659,52789,0.00160757501014308,268994958659,427290391,0.0015884698848266084
29560145,55748,0.001885917677332097,242145625905,451430348,0.0018642928044345836
32779197,52603,0.0016047678044096077,268516927615,426263136,0.00158747211874544
31526775,29662,9.408510702410887E-4,258258305575,240021097,9.293838448510079E-4
32740894,56101,0.0017134840606368293,268202304801,454243303,0.0016936592075039705
31030814,22470,7.241189354555765E-4,254196674394,181890655,7.155508837148395E-4
30403744,82936,0.0027278219419292573,249054542612,671965532,0.0026980657527971674
29605413,22124,7.472957732425486E-4,242520245480,179140160,7.386606410753168E-4
30809970,47745,0.0015496607104778096,252385382623,386506447,0.001531413756942267
31828795,28221,8.866499658563889E-4,260732602625,228496196,8.76362195212832E-4
28679558,35450,0.0012360720482512317,234935842097,288491327,0.0012279579157653095
33424104,20884,6.248185441261192E-4,273802917220,168784870,6.164465730085036E-4
Trace: hadoop-terasort-sort; beginning 5 sim with cache size 2048
java CacheSim newTopology.txt hadoop-terasort-sort 5 2048

128225309,171315,0.0013360466926229048,1050381730539,1386901161,0.0013203782212475423
184766899,267402,0.001447239746119244,1513549886002,2164985353,0.0014304023759129265
184847809,232172,0.0012560170513029993,1514218070458,1879623779,0.0012413164362986878
26131218,79929,0.003058755240570876,214051877686,647501917,0.003024976580443002
31295416,30424,9.721551552470177E-4,256364628547,247341289,9.648027124563102E-4
31031446,56282,0.0018137085845113374,254198553512,455907476,0.0017935093245071432
33291870,26784,8.045207433526564E-4,272718307744,216514351,7.939120508302709E-4
32837659,52842,0.0016091890107026204,268994958659,427689171,0.0015899523661414552
29560145,55837,0.0018889284880030189,242145625905,452131991,0.001867190412010098
32779197,69229,0.0021119797412975064,268516927615,562410791,0.002094507769008833
31526775,30072,9.538558891608799E-4,258258305575,243344927,9.422540214464891E-4
32740894,56292,0.001719317743736625,268202304801,455817174,0.0016995274307512233
31030814,22451,7.235066408506075E-4,254196674394,181731989,7.149266977360958E-4
30403744,83061,0.0027319332776910635,249054542612,672923399,0.0027019117657626577
29605413,22125,7.473295508493666E-4,242520245480,179141052,7.386643191187653E-4
30809970,47883,0.0015541397800776827,252385382623,387592377,0.0015357164229236092
31828795,28380,8.916454424366364E-4,260732602625,229776076,8.812709791052737E-4
28679558,35756,0.0012467416687523567,234935842097,290967348,0.0012384970526543404
33424104,21131,6.322084206056803E-4,273802917220,170805935,6.238280319809662E-4
Trace: hadoopWordCount-sort; beginning 5 sim with cache size 1
java CacheSim newTopology.txt hadoopWordCount-sort 5 1
216591663,198936,9.184841061957218E-4,1774227896484,1614395678,9.099144936224142E-4
311510784,290806,9.335342945944369E-4,2551760361178,2360065984,9.248775942700568E-4
314876269,240776,7.646686133720671E-4,2579340178311,1953931208,7.575314122697343E-4
53532215,117391,0.002192903843041055,438506615607,952451299,0.0021720340471524592
49658967,29200,5.880106205189488E-4,406784842559,236398152,5.81138054488136E-4
55343811,106033,0.0019158962508020996,453347513939,860354904,0.001897782335949381
54749759,25644,4.683856233960774E-4,448492874045,207786570,4.632996018999212E-4
52509069,36286,6.910425321005024E-4,430134071095,294315180,6.842405653910572E-4
51529185,109669,0.0021282890462948328,422099564301,889986267,0.0021084747350398805
51256005,70918,0.0013836037357964203,419864770492,575248193,0.001370079686194964
49747225,26165,5.259589856519635E-4,407511508713,212240110,5.208199166455329E-4
52171255,37260,7.1418638482053E-4,427366427607,302074327,7.0682746113549E-4
55669185,38954,6.99740799151272E-4,456020631358,315683413,6.922568657911709E-4
52063226,25469,4.891936584951536E-4,426483955233,206493425,4.8417630362480326E-4
55123084,28553,5.179862578080719E-4,451550394425,231349466,5.123447324071065E-4
52287315,63242,0.0012095094192539817,428315404774,512981897,0.0011976732363167609
53426871,64407,0.0012055169766539387,437651143836,522394755,0.001193632788026611
52823927,35184,6.660618018800458E-4,432713063534,285329395,6.593963044926203E-4
51429721,69325,0.0013479559805506236,421288698571,562038303,0.0013340929982371208
Trace: hadoopWordCount-sort; beginning 5 sim with cache size 8
java CacheSim newTopology.txt hadoopWordCount-sort 5 8
216591663,337404,0.0015577884916096701,1774227896484,2738704887,0.0015436037796651213
311510784,523381,0.0016801376609806228,2551760361178,4249207921,0.001665206492602772
314876269,426038,0.0013530330543900086,2579340178311,3458118517,0.0013406988911654298
53532215,193961,0.003623257509520202,438506615607,1573835465,0.0035890803216763975
49658967,52269,0.001052559148078936,406784842559,424036660,0.0010424101776567492
55343811,165831,0.0029963784026365656,453347513939,1345440414,0.002967790431472478
54749759,50562,9.2351091444987E-4,448492874045,410368373,9.149941877534163E-4
52509069,74293,0.001414860354884601,430134071095,602988567,0.0014018619019529452
51529185,174847,0.0033931644756267734,422099564301,1418791790,0.00336127281332197
51256005,135294,0.002639573646053765,419864770492,1097775311,0.0026145925739699963
49747225,67204,0.0013509095230940017,407511508713,545499283,0.0013386107418727684
52171255,78716,0.0015088002004168771,427366427607,638189199,0.0014933068153562814
55669185,76374,0.0013719259586789352,456020631358,619529360,0.0013585555507764672
52063226,67839,0.0013030118417940524,426483955233,550109081,0.0012898705197466576
55123084,51483,9.339644349361876E-4,451550394425,417552884,9.247093771930106E-4
52287315,118215,0.002260873406867421,428315404774,959559026,0.0022403093965446094
53426871,113214,0.00211904605081589,437651143836,918626346,0.0020989922200322975
52823927,74797,0.0014159681842661944,432713063534,606672463,0.0014020202164576696
51429721,117097,0.0022768352175194574,421288698571,949686582,0.0022542417710736404
Trace: hadoopWordCount-sort; beginning 5 sim with cache size 16
java CacheSim newTopology.txt hadoopWordCount-sort 5 16
216591663,367570,0.0016970643971647237,1774227896484,2983042331,0.0016813185819654377
311510784,526917,0.0016914887928887882,2551760361178,4276629699,0.0016759527125132267
314876269,439792,0.001396713704074028,2579340178311,3569437832,0.001383856949934124
53532215,204080,0.0038122838742988686,438506615607,1655824062,0.003776052636533057
49658967,54451,0.0010964988458177151,406784842559,441759540,0.00108597836935364
55343811,174512,0.0031532342433013873,453347513939,1415984728,0.0031233980213036467
54749759,63738,0.0011641695080338162,448492874045,517285223,0.0011533856008336437
52509069,79358,0.0015113198826663637,430134071095,643908427,0.001496994705303839
51529185,177477,0.003444203513018884,422099564301,1440102883,0.0034117611217742453
51256005,142374,0.0027777038027056535,419864770492,1155131520,0.002751198960194755
49747225,61751,0.001241295368736648,407511508713,501077461,0.0012296032143546065
52171255,82742,0.0015859691318523964,427366427607,670877846,0.001569795385558291
55669185,79165,0.0014220614151258008,456020631358,642102870,0.0014080566225432808
52063226,76309,0.0014656986487929118,426483955233,618826966,0.0014509970619221014
55123084,58088,0.0010537871937644128,451550394425,471172002,0.0010434538598952747
52287315,125486,0.0023999319911531124,428315404774,1018316870,0.0023774929844919152
53426871,120905,0.0022629998301790873,437651143836,981048314,0.0022416217295838396
52823927,83636,0.001583297659789663,432713063534,678364656,0.0015677008927341945
51429721,126228,0.002454378471156785,421288698571,1024060936,0.002430781883002291
Trace: hadoopWordCount-sort; beginning 5 sim with cache size 32
java CacheSim newTopology.txt hadoopWordCount-sort 5 32
216591663,385893,0.0017816613744731254,1774227896484,3131626913,0.0017650646341464743
311510784,548311,0.001760166993127275,2551760361178,4450930175,0.001744258686166464
314876269,448942,0.0014257727374176934,2579340178311,3644014787,0.0014127701408451555
53532215,207328,0.0038729576200050753,438506615607,1682061055,0.003835885241255979
49658967,64504,0.001298939625546379,406784842559,523370059,0.0012866016730308492
55343811,177441,0.0032061579568490504,453347513939,1439668699,0.0031756404407981688
54749759,60910,0.001112516312628883,448492874045,494487131,0.001102552926962191
52509069,71837,0.0013680874821833159,430134071095,582940946,0.0013552540595447294
51529185,180436,0.003501627281704533,422099564301,1464083822,0.003468574587193743
51256005,144615,0.00282142550906962,419864770492,1173209216,0.002794254956483314
49747225,63858,0.0012836494899966782,407511508713,518103547,0.001271383840511084
52171255,84050,0.0016110404091295102,427366427607,681423510,0.0015944713154366615
55669185,79425,0.0014267318625196326,456020631358,644133788,0.0014125101885890802
52063226,73642,0.0014144724723742627,426483955233,597107097,0.0014000693101661559
55123084,57160,0.0010369521415020974,451550394425,463733959,0.0010269816275778353
52287315,128080,0.0024495424941976844,428315404774,1039209504,0.00242627160362896
53426871,122352,0.0022900835798525428,437651143836,992824730,0.002268529955840899
52823927,80728,0.001528246849197713,432713063534,654686960,0.0015129817312496243
51429721,128307,0.0024948025675659413,421288698571,1040890376,0.002470729406059722
Trace: hadoopWordCount-sort; beginning 5 sim with cache size 64
java CacheSim newTopology.txt hadoopWordCount-sort 5 64
216591663,415889,0.0019201523929385962,1774227896484,3375252897,0.0019023784394827533
311510784,586652,0.0018832478043520958,2551760361178,4763706171,0.0018668313229855459
314876269,464190,0.0014741981079558588,2579340178311,3769107948,0.0014612682653080999
53532215,208080,0.00388700523600602,438506615607,1688121599,0.0038497061136996266
49658967,56513,0.0011380220615543615,406784842559,458464052,0.0011270431049394483
55343811,185175,0.0033459025797843954,453347513939,1502773336,0.0033148374917573832
54749759,56470,0.0010314200652463146,448492874045,458187125,0.001021615172761981
52509069,84805,0.0016150543442314698,430134071095,688436350,0.0016005157374477108
51529185,188363,0.0036554624335704126,422099564301,1528577902,0.00362136811141072
51256005,145287,0.0028345361680060708,419864770492,1178675328,0.002807273700574643
49747225,65692,0.001320515867970525,407511508713,532870214,0.0013076200367516172
52171255,83857,0.0016073410539961133,427366427607,679825558,0.0015907322477496004
55669185,89051,0.001599646195646658,456020631358,722149063,0.0015835885776691433
52063226,77568,0.0014898807845675948,426483955233,629117128,0.0014751249613981277
55123084,55985,0.0010156362078725494,451550394425,454039028,0.0010055113086063605
52287315,127948,0.002447017981321091,428315404774,1038164512,0.0024238318314695824
53426871,122186,0.0022869765290952563,437651143836,991471002,0.002265436789013698
52823927,81828,0.0015490707459140628,432713063534,663568624,0.0015335072590149817
51429721,129513,0.0025182520434050186,421288698571,1050625544,0.002493837474310832
Trace: hadoopWordCount-sort; beginning 5 sim with cache size 128
java CacheSim newTopology.txt hadoopWordCount-sort 5 128
216591663,512928,0.0023681797946211807,1774227896484,4161141250,0.0023453251176166054
311510784,762301,0.0024471095035990794,2551760361178,6184717786,0.0024237063480149344
314876269,674317,0.0021415300751038814,2579340178311,5470294982,0.002120811759533809
53532215,215143,0.004018944480440423,438506615607,1745342684,0.003980196927209457
49658967,84069,0.0016929268786440926,406784842559,681704649,0.001675835915398263
55343811,197526,0.003569071164976333,453347513939,1602589617,0.003535013577278899
54749759,81290,0.0014847553940831046,448492874045,659893464,0.001471357745438312
52509069,94044,0.0017910049024102866,430134071095,762871111,0.0017735658769321514
51529185,201283,0.0039061941305689194,422099564301,1633208380,0.00386924914908312
51256005,149456,0.002915872979175806,419864770492,1212398294,0.002887592337359728
49747225,82817,0.0016647561748419134,407511508713,671575638,0.001647991832478463
52171255,97912,0.0018767422788660154,427366427607,793808359,0.0018574420163157382
55669185,103201,0.0018538263134263596,456020631358,836788204,0.0018349788287168034
52063226,86693,0.001665148448542163,426483955233,702857069,0.001648026989939187
55123084,75293,0.0013659068857613263,451550394425,610533611,0.0013520829979064633
52287315,133299,0.002549356378310877,428315404774,1081469864,0.0025249380525331233
53426871,131803,0.002466979584112272,437651143836,1069313839,0.0024433018262616526
52823927,103217,0.001953981952155886,432713063534,837589284,0.001935669048582323
51429721,146060,0.002839992073843838,421288698571,1184761936,0.0028122328940194236
Trace: hadoopWordCount-sort; beginning 5 sim with cache size 256
java CacheSim newTopology.txt hadoopWordCount-sort 5 256
216591663,561090,0.002590542924082909,1774227896484,4551233244,0.002565190894032954
311510784,862463,0.0027686457236742084,2551760361178,6996410542,0.002741797642302964
314876269,750735,0.002384222229208388,2579340178311,6088861731,0.002360627645085225
53532215,219679,0.004103678504616333,438506615607,1782115524,0.004064056186548332
49658967,91768,0.001847964336430921,406784842559,744027068,0.001829043243891484
55343811,204561,0.0036961856493764045,453347513939,1659582158,0.0036607284852637452
54749759,88748,0.0016209751717811214,448492874045,720454614,0.0016063903256748565
52509069,101029,0.001924029542401523,430134071095,819418936,0.0019050314566200035
51529185,208128,0.004039031473135079,422099564301,1688674027,0.0040006533287861995
51256005,156591,0.003055076180829934,419864770492,1270107806,0.0030250401921353876
49747225,86917,0.0017471728322534573,407511508713,704650085,0.0017291538273984481
52171255,104306,0.001999300189347563,427366427607,845416922,0.0019782015324269534
55669185,109834,0.0019729766117466963,456020631358,890526729,0.0019528211395788582
52063226,90516,0.0017385783969667958,426483955233,733866333,0.0017207360886509048
55123084,82058,0.0014886322398071923,451550394425,665351540,0.0014734823581479812
52287315,140031,0.002678106535017145,428315404774,1136075242,0.0026524267615344083
53426871,137004,0.002564327602116171,437651143836,1111427561,0.002539528518669844
52823927,119616,0.0022644283905662674,432713063534,971179718,0.0022443965755697378
51429721,151842,0.002952417338604656,421288698571,1231618918,0.0029234558680961975
Trace: hadoopWordCount-sort; beginning 5 sim with cache size 512
java CacheSim newTopology.txt hadoopWordCount-sort 5 512
216591663,582054,0.0026873333531771256,1774227896484,4720699172,0.0026607062042903525
311510784,907014,0.002911661639296571,2551760361178,7356653058,0.0028829717593872564
314876269,794731,0.00252394695390652,2579340178311,6445624483,0.002498943154997382
53532215,223269,0.004170740926748501,438506615607,1811104601,0.004130164828854383
49658967,94775,0.001908517347934362,406784842559,768336269,0.0018888026018043203
55343811,209374,0.003783151109705835,453347513939,1698534218,0.0037466494593561303
54749759,91493,0.001671112378777777,448492874045,742730905,0.0016560595451634251
52509069,104140,0.001983276450778436,430134071095,844579480,0.0019635261114050763
51529185,211313,0.0041008411058703915,422099564301,1714394938,0.004061588978038986
51256005,160514,0.00313161355435329,419864770492,1301880950,0.003100714900358152
49747225,89871,0.001806553028837287,407511508713,728541224,0.001787780733606454
52171255,108242,0.0020747440328970426,427366427607,877355171,0.002052934237049624
55669185,114047,0.002048655822785981,456020631358,924656165,0.0020276630078039093
52063226,92699,0.0017805081844140815,426483955233,751525127,0.0017621416181751105
55123084,85357,0.0015484801249509188,451550394425,692070713,0.0015326544313648011
52287315,143342,0.0027414297330050318,428315404774,1162854012,0.0027149479076373126
53426871,140444,0.0026287146780503015,437651143836,1139252199,0.0026031057271197477
52823927,128302,0.002428861451364644,432713063534,1041789817,0.0024075765323367513
51429721,156804,0.003048898515315687,421288698571,1271803069,0.0030188397488798585
Trace: hadoopWordCount-sort; beginning 5 sim with cache size 1024
java CacheSim newTopology.txt hadoopWordCount-sort 5 1024
216591663,596293,0.0027530745724040173,1774227896484,4835307971,0.0027253026404230056
311510784,924736,0.002968552125630424,2551760361178,7499549841,0.00293897105507897
314876269,827510,0.002628048161990893,2579340178311,6711485084,0.002602016259985841
53532215,225836,0.004218693360624065,438506615607,1831829330,0.004177426895747746
49658967,96136,0.00193592428130855,406784842559,779316177,0.0019157945318155952
55343811,212286,0.0038357676525022826,453347513939,1722105324,0.003798642919726515
54749759,93015,0.0016989115879030628,448492874045,755029618,0.0016834818604592662
52509069,106286,0.002024145581404233,430134071095,861909552,0.0020038160423000704
51529185,212264,0.004119296666539554,422099564301,1722070648,0.004079773573923872
51256005,162245,0.0031653852070601288,419864770492,1315892842,0.0031340872930539733
49747225,91465,0.0018385950171089945,407511508713,741465815,0.001819496625608666
52171255,110235,0.002112945145751238,427366427607,893496848,0.0020907043470940277
55669185,115773,0.0020796604081773427,456020631358,938536464,0.002058100882859398
52063226,94932,0.0018233983426228716,426483955233,769619831,0.0018045692494563725
55123084,87730,0.0015915292402725507,451550394425,711221068,0.0015750646589638398
52287315,145128,0.002775587157229244,428315404774,1177298051,0.0027486708109907922
53426871,141657,0.0026514186091863776,437651143836,1149055894,0.0026255064340254142
52823927,130125,0.0024633723274681946,432713063534,1056587666,0.0024417743651434266
51429721,158951,0.003090644804392386,421288698571,1289163402,0.0030600474362896695
Trace: hadoopWordCount-sort; beginning 5 sim with cache size 2048
java CacheSim newTopology.txt hadoopWordCount-sort 5 2048
216591663,602214,0.0027804117280359033,1774227896484,4882987897,0.002752176260263212
311510784,934000,0.0029982910639780613,2551760361178,7574068162,0.0029681737663263532
314876269,839603,0.002666453723764111,2579340178311,6808515606,0.0026396346101421734
53532215,227265,0.004245387567093945,438506615607,1843425287,0.004203871096558601
49658967,96979,0.001952900067373532,406784842559,786147725,0.0019325885400608978
55343811,213197,0.003852228390993891,453347513939,1729431351,0.0038148027679108503
54749759,94288,0.0017221628318035153,448492874045,765269837,0.0017063143726185844
52509069,107724,0.002051531326902787,430134071095,873518375,0.00203080489015034
51529185,214204,0.004156945234045522,422099564301,1737725742,0.004116862202588829
51256005,163385,0.0031876265034701786,419864770492,1325117129,0.0031560569548314808
49747225,92665,0.0018627169656196903,407511508713,751148297,0.001843256646596979
52171255,112143,0.0021495170089352845,427366427607,908902810,0.0021267529484927483
55669185,117538,0.002111365560677779,456020631358,952817618,0.0020894177861264097
52063226,96320,0.0018500582349622362,426483955233,780811764,0.001830811580176377
55123084,88844,0.0016117385594753733,451550394425,720192180,0.0015949320139938886
52287315,146757,0.0028067419411381134,428315404774,1190460038,0.002779400471547701
53426871,143163,0.002679606672080796,437651143836,1161226885,0.0026533162345284394
52823927,132759,0.0025132360946962537,432713063534,1077882326,0.0024909863298252528
51429721,160025,0.0031115276709356445,421288698571,1297816801,0.0030805877428047796
Trace: hadoopKMeans; beginning 5 sim with cache size 1
java CacheSim newTopology.txt hadoopKMeans 5 1
81484927,555723,0.006819948430462483,647040577972,398305182,6.15579911925147E-4
121835941,1054227,0.008652840790222978,968749397747,819296241,8.457256777711759E-4
110590998,1046394,0.009461837029447912,876396443482,663936644,7.575756941255049E-4
19661807,343599,0.017475453807475578,156843801861,392066046,0.0024997229176289765
19829582,418998,0.021129946158219573,157328007834,551213733,0.003503595708029284
18555375,394157,0.021242200710036848,147042423762,416007179,0.0028291643211304862
20619366,403911,0.019588914615512428,163988483080,392321799,0.002392374096226075
20215542,393935,0.019486739460163868,160569881240,422542928,0.002631520461601607
26827900,385909,0.014384614524431655,214733409987,431590160,0.0020098882611053795
22355698,391567,0.017515310861687252,178344842359,475472484,0.0026660287884462375
18973876,392168,0.020668839619274418,150252404447,287811017,0.0019155168801409923
18004182,413626,0.02297388462302814,142448175897,363581941,0.0025523804619505637
18346042,377487,0.020575936760637525,145599792522,287288979,0.001973141403732364
18268167,385156,0.021083450791751574,144734570608,257183788,0.0017769340588058822
17089007,393239,0.023011225871696347,135195780018,410464002,0.003036071110691108
17549918,386164,0.0220037495331887,138719263189,282348165,0.002035392623267547
18063404,398324,0.022051436152344266,142911423723,340806587,0.002384739988739969
17799267,414355,0.023279329424071227,140398484561,302150061,0.0021520891905975137
18309432,389045,0.021248338015073323,145181649931,397743116,0.002739623886276496
Trace: hadoopKMeans; beginning 5 sim with cache size 8
java CacheSim newTopology.txt hadoopKMeans 5 8
81484927,1859316,0.022817913305610497,647040577972,2037495922,0.0031489461269740807
121835941,3032591,0.024890775046420826,968749397747,3694314259,0.0038134880574809014
110590998,3041762,0.02750460756308574,876396443482,3176665734,0.0036246903528942085
19661807,558992,0.028430347220883615,156843801861,1084634391,0.006915379365524675
19829582,680806,0.034332846753905355,157328007834,1255338161,0.00797911432479672
18555375,610971,0.0329269012348174,147042423762,861295520,0.005857462750981826
20619366,598260,0.029014471152992775,163988483080,765687961,0.004669156922602104
20215542,629010,0.031115168715239,160569881240,945542116,0.005888664229543277
26827900,664064,0.024752738753312784,214733409987,1204737284,0.005610385845746756
22355698,610055,0.027288568668265244,178344842359,1008067544,0.005652350416564367
18973876,614942,0.03240993036952492,150252404447,670643860,0.0044634484384345596
18004182,615931,0.03421044066317481,142448175897,786886508,0.005524019546371545
18346042,556407,0.030328449046393768,145599792522,628442984,0.004316235436290493
18268167,561312,0.030726235423619675,144734570608,515382462,0.0035608801672951033
17089007,587915,0.03440311072492392,135195780018,817212163,0.00604465733243446
17549918,595780,0.033947736963785245,138719263189,683861187,0.004929821362071854
18063404,606556,0.03357927442690204,142911423723,763666142,0.005343632594971458
17799267,640883,0.03600614564633476,140398484561,712228089,0.00507290439228746
18309432,593765,0.03242946040051925,145181649931,813028418,0.005600076995862806
Trace: hadoopKMeans; beginning 5 sim with cache size 16
java CacheSim newTopology.txt hadoopKMeans 5 16
81484927,2340752,0.02872619619577005,647040577972,2851320272,0.004406710133909697
121835941,3671990,0.03013880772669536,968749397747,4979264415,0.005139889043110808
110590998,3646931,0.032976743730986136,876396443482,4342156978,0.004954557963229779
19661807,652787,0.03320076328691458,156843801861,1581724899,0.010084714092825773
19829582,744492,0.037544513041172525,157328007834,1430173648,0.009090394442094541
18555375,668408,0.03602233854071933,147042423762,968809531,0.006588639565463748
20619366,649830,0.03151551798440359,163988483080,861229727,0.005251769580549498
20215542,694296,0.03434466412030902,160569881240,1117174918,0.006957562086816176
26827900,737108,0.02747542670130722,214733409987,1409748168,0.006565108653028639
22355698,670498,0.02999226416459911,178344842359,1144296231,0.00641620029973496
18973876,674711,0.03555999838936441,150252404447,808985054,0.005384173763990321
18004182,672685,0.037362708286330364,142448175897,902791006,0.006337680355084231
18346042,609625,0.03322923821933908,145599792522,747960505,0.005137098700789589
18268167,619261,0.0338983653915579,144734570608,608285099,0.004202763005719505
17089007,643064,0.03763027307555085,135195780018,906531230,0.006705321940369028
17549918,662036,0.037723025258579554,138719263189,838728828,0.0060462318550327234
18063404,668778,0.0370239186368195,142911423723,886073590,0.006200159279900843
17799267,704616,0.03958679871480101,140398484561,829968745,0.0059115221050651525
18309432,656526,0.03585725652221216,145181649931,1007535653,0.006939827819003629
Trace: hadoopKMeans; beginning 5 sim with cache size 32
java CacheSim newTopology.txt hadoopKMeans 5 32
81484927,3661690,0.04493702252442344,647040577972,12203783829,0.018860925024594216
121835941,5803854,0.04763663293740227,968749397747,20976480239,0.021653154353215142
110590998,5683038,0.05138788963636986,876396443482,19559833314,0.022318476369309607
19661807,920024,0.0467924438481163,156843801861,3713534990,0.02367664482713224
19829582,947411,0.04777765865160446,157328007834,3031189831,0.019266689210215324
18555375,961011,0.05179151593540955,147042423762,3297070199,0.022422577883622032
20619366,1027198,0.049817147627138486,163988483080,3956790977,0.024128468674655172
20215542,915253,0.04527471981705957,160569881240,2847762341,0.01773534562651583
26827900,1094458,0.0407955151167255,214733409987,4324260452,0.02013780925968526
22355698,935292,0.041836850721458124,178344842359,3293583055,0.01846749819863121
18973876,956417,0.0504070438744303,150252404447,3051397872,0.020308479476455563
18004182,915110,0.05082763549046549,142448175897,2869018806,0.020140790065816646
18346042,974966,0.05314312482223686,145599792522,3699155149,0.025406321567670236
18268167,976454,0.05345112073915243,144734570608,3500253675,0.024183950387914637
17089007,742765,0.043464491529554644,135195780018,1671898134,0.012366496452606754
17549918,835990,0.04763498040275744,138719263189,2191788635,0.015800175005354283
18063404,994400,0.055050532003823864,142911423723,3532666846,0.0247192754362817
17799267,1062445,0.0596903793847241,140398484561,3725433879,0.026534715746033444
18309432,965145,0.0527129951382435,145181649931,3497947668,0.024093593575100283
Trace: hadoopKMeans; beginning 5 sim with cache size 64
java CacheSim newTopology.txt hadoopKMeans 5 64
81484927,6017373,0.07384645506278725,647040577972,30571407086,0.047248052327442974
121835941,9299363,0.07632692720779331,968749397747,48511853528,0.05007678316066363
110590998,9067152,0.08198815603418282,876396443482,46361237404,0.052899846580621364
19661807,1335638,0.06793058237221024,156843801861,7016595744,0.04473620035185281
19829582,1306558,0.06588933644693065,157328007834,5900662877,0.03750548270607933
18555375,1433275,0.0772431168866164,147042423762,7112034163,0.04836722614496208
20619366,1654069,0.08021919781626652,163988483080,8931218244,0.05446247246303877
20215542,1313999,0.06499944448682109,160569881240,6022488469,0.03750696221789147
26827900,1709104,0.06370621628975805,214733409987,9256146499,0.04310529274210459
22355698,1377225,0.061605099514226755,178344842359,6782018566,0.03802755648154998
18973876,1389324,0.07322299355176559,150252404447,6510920659,0.04333322107531837
18004182,1356679,0.07535354841447392,142448175897,6385164522,0.04482447375540225
18346042,1540659,0.08397773209066021,145599792522,8227714735,0.0565091102980576
18268167,1567873,0.08582541423011952,144734570608,8213902499,0.056751489740806876
17089007,933072,0.0546007149508453,135195780018,3123293159,0.023102001841952196
17549918,1118147,0.0637123774595414,138719263189,4365201974,0.03146788610066772
18063404,1549438,0.08577774155967502,142911423723,7896107268,0.05525175708349765
17799267,1640428,0.09216267164260192,140398484561,8311931317,0.05920242902186492
18309432,1482932,0.08099279103797431,145181649931,7618428406,0.05247514689095203
Trace: hadoopKMeans; beginning 5 sim with cache size 128
java CacheSim newTopology.txt hadoopKMeans 5 128
81484927,6611222,0.08113429370808665,647040577972,34281857101,0.05298254586821835
121835941,9881084,0.08110155278400157,968749397747,52384920991,0.05407479076924383
110590998,9857782,0.08913729126488215,876396443482,51897510202,0.0592169338294056
19661807,1422433,0.07234497826166232,156843801861,7645719726,0.04874735013613022
19829582,1377496,0.06946671896563428,157328007834,6320764255,0.04017570896638549
18555375,1509897,0.08137248640892464,147042423762,7547350223,0.051327705500937564
20619366,1714077,0.08312947158511082,163988483080,9274074159,0.056553204132486205
20215542,1348707,0.06671634131798197,160569881240,6186227640,0.03852669997777224
26827900,1772180,0.06605735074306972,214733409987,9642182378,0.044903037578473415
22355698,1467309,0.06563467622437913,178344842359,7384328855,0.04140477939998783
18973876,1478599,0.07792814710078215,150252404447,7056934376,0.04696719764301184
18004182,1448032,0.08042753622463937,142448175897,6967986542,0.04891594081933588
18346042,1631008,0.08890244555201607,145599792522,8806976233,0.06048756032168984
18268167,1652736,0.09047081735129747,144734570608,8781945314,0.060676210784395626
17089007,1016993,0.05951153276489383,135195780018,3673947952,0.027175019453350168
17549918,1188670,0.06773080079348519,138719263189,4838624684,0.03488069769666775
18063404,1620802,0.0897284919276566,142911423723,8352636527,0.05844624809832985
17799267,1690860,0.0949960467473183,140398484561,8599541142,0.061250954160147586
18309432,1557709,0.08507686093156795,145181649931,8111169973,0.055869112775994545
Trace: hadoopKMeans; beginning 5 sim with cache size 256
java CacheSim newTopology.txt hadoopKMeans 5 256
81484927,7125251,0.08744256468438635,647040577972,38295376781,0.05918543300797001
121835941,10526804,0.08640146670677415,968749397747,57413340101,0.05926542017422152
110590998,10439830,0.09440035978335234,876396443482,56446903736,0.06440795618901818
19661807,1532630,0.07794960046144284,156843801861,8466397682,0.053979803993167624
19829582,1443454,0.07279296154603764,157328007834,6830447224,0.04341532901889246
18555375,1581014,0.08520517639767453,147042423762,8117455993,0.055204857110752986
20619366,1797152,0.08715845094364201,163988483080,9921385788,0.06050050346011165
20215542,1466524,0.07254438194137956,160569881240,7116848319,0.04432243621306922
26827900,1917257,0.07146504198986875,214733409987,10777941656,0.05019219718371956
22355698,1509459,0.06752010158662905,178344842359,7735315077,0.04337279942993341
18973876,1502886,0.07920817022310044,150252404447,7259436259,0.04831494235129323
18004182,1493231,0.08293800851379973,142448175897,7308654761,0.05130746473218912
18346042,1686355,0.09191928155402675,145599792522,9258391846,0.06358794669711541
18268167,1740970,0.09530074911182934,144734570608,9472077993,0.06544447503599009
17089007,1070819,0.06266127692498458,135195780018,4125673499,0.03051628903247355
17549918,1246573,0.0710301324484821,138719263189,5307368570,0.03825978056680492
18063404,1637916,0.09067593239900962,142911423723,8502352140,0.059493859332615695
17799267,1806422,0.10148856129861977,140398484561,9498934878,0.06765696159542894
18309432,1675760,0.09152441211720823,145181649931,9060955026,0.06241115891923235
Trace: hadoopKMeans; beginning 5 sim with cache size 512
java CacheSim newTopology.txt hadoopKMeans 5 512
81484927,7509602,0.09215940022870733,647040577972,41334715898,0.06388272591427599
121835941,10924396,0.08966480588843648,968749397747,60577286083,0.0625314309602497
110590998,10873204,0.09831906933329239,876396443482,59870924628,0.0683148877123777
19661807,1649584,0.08389788385167243,156843801861,9408379910,0.059985665983396705
19829582,1502136,0.07575227758204887,157328007834,7298540233,0.04639059715737861
18555375,1649913,0.0889183322891615,147042423762,8658206945,0.058882373695186126
20619366,1875203,0.09094377586585349,163988483080,10551704791,0.06434418193777953
20215542,1557281,0.07703384851120984,160569881240,7841383098,0.04883470696649311
26827900,1957361,0.07295990368236052,214733409987,11079078448,0.05159457230558919
22355698,1646254,0.07363912323381717,178344842359,8802848914,0.049358584176380435
18973876,1603596,0.08451599451793614,150252404447,8057253704,0.05362479045612953
18004182,1565191,0.08693485769028551,142448175897,7886897847,0.055366787235680566
18346042,1784626,0.0972758047757658,145599792522,10035892159,0.06892792898371462
18268167,1856976,0.10165092097088888,144734570608,10399706616,0.0718536461075815
17089007,1195851,0.06997779332643494,135195780018,5102173965,0.037739151061672895
17549918,1344129,0.07658890485984036,138719263189,6080494435,0.04383309350998747
18063404,1742721,0.09647799495598947,142911423723,9314350035,0.06517568569643295
17799267,1873998,0.10528512213452386,140398484561,10046717542,0.07155858963445524
18309432,1750446,0.09560351189485289,145181649931,9641563694,0.06641034661461909
Trace: hadoopKMeans; beginning 5 sim with cache size 1024
java CacheSim newTopology.txt hadoopKMeans 5 1024
81484927,7769666,0.0953509598161633,647040577972,43341943517,0.0669848924357192
121835941,11257169,0.09239612636143221,968749397747,63166067366,0.06520372297820673
110590998,11096611,0.10033918854769716,876396443482,61558375799,0.07024033045413006
19661807,1823254,0.09273074443259462,156843801861,10789428296,0.06879091279336583
19829582,1609277,0.08115536676466503,157328007834,8146907182,0.05178294249168888
18555375,1748413,0.09422676717662672,147042423762,9429400049,0.06412707168281069
20619366,1961428,0.09512552422804853,163988483080,11238489427,0.06853218723608429
20215542,1648592,0.08155071973830828,160569881240,8547051183,0.05322947938302903
26827900,2035869,0.07588626019927017,214733409987,11714958186,0.054555824297249436
22355698,1731782,0.07746490402581033,178344842359,9468781253,0.053092543231162116
18973876,1659666,0.08747111027815298,150252404447,8489855514,0.05650395775859088
18004182,1675862,0.09308181843529464,142448175897,8758118074,0.061482837662538634
18346042,1859020,0.10133084836500429,145599792522,10618127321,0.07292680255293366
18268167,1981401,0.10846194913808266,144734570608,11395602784,0.07873449125616243
17089007,1263419,0.07393168017310778,135195780018,5625622661,0.04161093386384548
17549918,1437063,0.08188431421730859,138719263189,6801280001,0.04902909548858763
18063404,1842574,0.102005912063972,142911423723,10101981946,0.07068701495536356
17799267,1938564,0.1089125748829994,140398484561,10546786844,0.07512037524463205
18309432,1829422,0.09991691713866384,145181649931,10250773131,0.0706065341995483
Trace: hadoopKMeans; beginning 5 sim with cache size 2048
java CacheSim newTopology.txt hadoopKMeans 5 2048
81484927,7933901,0.09736648595144473,647040577972,44637015761,0.06898642416045137
121835941,11520553,0.09455791866867921,968749397747,65248117204,0.06735293705033125
110590998,11309037,0.10226001396605536,876396443482,63257570824,0.07217917335751857
19661807,1917607,0.09752954039270144,156843801861,11547823639,0.07362626703753362
19829582,1669796,0.08420732217149106,157328007834,8631422542,0.054862593512956644
18555375,1870618,0.10081272946518192,147042423762,10422049967,0.07087784396065809
20619366,2105841,0.10212927982363765,163988483080,12386064345,0.07553008670101298
20215542,1724646,0.08531287461894417,160569881240,9156340117,0.05702401998612825
26827900,2090352,0.07791709377178237,214733409987,12152785721,0.05659475962187594
22355698,1857613,0.08309349142218686,178344842359,10489055763,0.05881333950709946
18973876,1757503,0.09262751585390355,150252404447,9276440793,0.06173905054725543
18004182,1723497,0.09572759262264734,142448175897,9138996796,0.06415664320340707
18346042,1924743,0.10491325594915786,145599792522,11138835820,0.07650310228510065
18268167,2017276,0.11042574769543108,144734570608,11666815268,0.08060835237213972
17089007,1387353,0.08118394474295669,135195780018,6625819532,0.049009070631626496
17549918,1503533,0.08567179630127046,138719263189,7332455370,0.052858234692393036
18063404,1930778,0.10688893411230796,142911423723,10811401536,0.07565106591447403
17799267,2009076,0.11287408633175737,140398484561,11103983850,0.07908905772537429
18309432,1897631,0.10364226481739029,145181649931,10800374405,0.07439214535812934
navdeep@italic:~/Documents/simulator/src$ 
navdeep@italic:~/Documents/simulator/src$ 
navdeep@italic:~/Documents/simulator/src$ exit

Script done on Fri 06 Jan 2017 04:10:34 PM MST
